166029 9198188 37295.824329822
187888 9198188 37348.366617863
209747 9198188 37455.253287003
231606 9198188 37866.606725796
253465 9198188 38386.2332235
275324 9198188 38757.614197901
297183 9198188 39087.582822496
319042 9198188 39205.480610866
340901 9198188 39252.842778669
362760 9198188 38974.569323848
384619 9198188 38580.094744827
406478 9198188 38171.870650953
428337 9198188 37745.552079141
450196 9198188 37583.271332839
472055 9198188 37535.683575508
493914 9198188 37623.607618675
515773 9198188 37797.00264654
537632 9198188 37939.976196968
559491 9198188 38074.809850316
581350 9198188 37992.688626184
603209 9198188 37816.656440683
625068 9198188 37591.737070721
646927 9198188 37400.499599828
668786 9198188 37461.151401828
690645 9198188 37724.355812444
712504 9198188 38072.535470763
734363 9198188 38471.506842094
756222 9198188 38679.800816831
778081 9198188 38745.568097533
799940 9198188 38760.93911391
821799 9198188 38730.054048359
843658 9198188 38608.722669039
865517 9198188 38365.38743868
887376 9198188 37988.686849545
909235 9198188 37474.876677443
931094 9198188 37184.255962112
952953 9198188 37122.713966038
974812 9198188 37230.36115915
996671 9198188 37561.55797794
1018530 9198188 37994.590019388
1040389 9198188 38573.795570283
1062248 9198188 39171.649802933
1084107 9198188 39724.29783085
1105966 9198188 39988.380137395
1127825 9198188 39799.565974369
1149684 9198188 39641.405625368
1171543 9198188 39544.390472236
1193402 9198188 39510.992589562
1215261 9198188 39518.910092214
1237120 9198188 39465.036016271
1258979 9198188 39120.056103163
1280838 9198188 38815.525535283
166029 9219942 37117.326906596
187888 9219942 37143.14553433
209747 9219942 37256.663477044
231606 9219942 37635.221506507
253465 9219942 38139.583922532
275324 9219942 38550.675464545
297183 9219942 38864.209877658
319042 9219942 39014.633080864
340901 9219942 39038.357977839
362760 9219942 38839.928041777
384619 9219942 38511.330043053
406478 9219942 38127.584649915
428337 9219942 37737.489204886
450196 9219942 37503.342663603
472055 9219942 37394.683372523
493914 9219942 37418.356877415
515773 9219942 37539.107383044
537632 9219942 37668.009560748
559491 9219942 37765.98660639
581350 9219942 37686.813082139
603209 9219942 37484.127626169
625068 9219942 37246.154637971
646927 9219942 37060.436430265
668786 9219942 37108.692676963
690645 9219942 37383.514363039
712504 9219942 37801.550309721
734363 9219942 38272.90275427
756222 9219942 38584.465216726
778081 9219942 38726.837111408
799940 9219942 38809.370457557
821799 9219942 38843.37123888
843658 9219942 38789.188866871
865517 9219942 38619.000683079
887376 9219942 38270.978451666
909235 9219942 37791.29528679
931094 9219942 37460.037311546
952953 9219942 37316.116362339
974812 9219942 37303.000141477
996671 9219942 37441.601210779
1018530 9219942 37747.027992038
1040389 9219942 38236.774039711
1062248 9219942 38804.567021671
1084107 9219942 39338.201220397
1105966 9219942 39577.77623459
1127825 9219942 39455.225031232
1149684 9219942 39256.632114065
1171543 9219942 39089.464058682
1193402 9219942 38999.968112588
1215261 9219942 38983.675311579
1237120 9219942 38903.768611955
1258979 9219942 38706.687357428
1280838 9219942 38465.186249006
166029 9241696 36969.406253382
187888 9241696 36951.404319279
209747 9241696 36997.610429145
231606 9241696 37368.977983296
253465 9241696 37840.587771205
275324 9241696 38235.569777027
297183 9241696 38512.72369054
319042 9241696 38657.23564222
340901 9241696 38673.346676753
362760 9241696 38582.457577371
384619 9241696 38416.004086619
406478 9241696 38120.749204787
428337 9241696 37805.64953311
450196 9241696 37514.066677178
472055 9241696 37286.682486123
493914 9241696 37210.941034973
515773 9241696 37227.995967769
537632 9241696 37306.514323646
559491 9241696 37375.462066748
581350 9241696 37301.055894826
603209 9241696 37095.610887907
625068 9241696 36894.099931147
646927 9241696 36712.565988915
668786 9241696 36763.893584094
690645 9241696 37002.868859857
712504 9241696 37470.183230935
734363 9241696 38036.104385707
756222 9241696 38431.332825207
778081 9241696 38640.918995783
799940 9241696 38781.129029217
821799 9241696 38892.101728807
843658 9241696 38903.652350764
865517 9241696 38875.829558278
887376 9241696 38617.57552897
909235 9241696 38192.712434341
931094 9241696 37889.638579784
952953 9241696 37694.224556175
974812 9241696 37533.554040047
996671 9241696 37388.530827245
1018530 9241696 37486.053263114
1040389 9241696 37850.85518176
1062248 9241696 38334.34670524
1084107 9241696 38870.735838701
1105966 9241696 39117.574386759
1127825 9241696 39011.078008102
1149684 9241696 38798.818006655
1171543 9241696 38577.418577367
1193402 9241696 38413.532074078
1215261 9241696 38417.172187295
1237120 9241696 38329.972610433
1258979 9241696 38266.779343149
1280838 9241696 38058.715194657
166029 9263450 36829.236355575
187888 9263450 36794.891478757
209747 9263450 36836.380207139
231606 9263450 37150.146651882
253465 9263450 37581.574627473
275324 9263450 37951.146457824
297183 9263450 38196.941709144
319042 9263450 38306.897107392
340901 9263450 38312.356493732
362760 9263450 38284.961397215
384619 9263450 38216.241309797
406478 9263450 38037.896459356
428337 9263450 37794.629643681
450196 9263450 37495.942913972
472055 9263450 37207.025473282
493914 9263450 37022.230705761
515773 9263450 36937.103209451
537632 9263450 36949.579492086
559491 9263450 36993.391828645
581350 9263450 36959.917950562
603209 9263450 36837.828177335
625068 9263450 36686.592986004
646927 9263450 36551.190541876
668786 9263450 36571.854914842
690645 9263450 36780.011443679
712504 9263450 37235.967327819
734363 9263450 37825.724263886
756222 9263450 38287.301752552
778081 9263450 38563.935803427
799940 9263450 38702.378676215
821799 9263450 38755.891403694
843658 9263450 38758.50092413
865517 9263450 38746.83061974
887376 9263450 38610.940680189
909235 9263450 38378.978000219
931094 9263450 38199.343805837
952953 9263450 38044.723852484
974812 9263450 37796.4126884
996671 9263450 37479.459502691
1018530 9263450 37407.735615761
1040389 9263450 37645.759477699
1062248 9263450 38052.463226609
1084107 9263450 38499.898130737
1105966 9263450 38716.293026876
1127825 9263450 38642.993680005
1149684 9263450 38452.325031378
1171543 9263450 38258.332170426
1193402 9263450 38129.683644855
1215261 9263450 38102.086589537
1237120 9263450 38050.42272294
1258979 9263450 37940.636959037
1280838 9263450 37730.23724385
166029 9285204 36743.489712601
187888 9285204 36680.390907284
209747 9285204 36660.49473152
231606 9285204 36995.126979156
253465 9285204 37412.215357011
275324 9285204 37765.263628454
297183 9285204 37979.371314598
319042 9285204 38038.327751417
340901 9285204 37968.09903103
362760 9285204 37991.604176015
384619 9285204 37991.584528287
406478 9285204 37893.16570973
428337 9285204 37742.913095738
450196 9285204 37428.170222943
472055 9285204 37101.428318066
493914 9285204 36828.534296336
515773 9285204 36638.680295315
537632 9285204 36610.00658365
559491 9285204 36649.956659442
581350 9285204 36673.174121549
603209 9285204 36675.189535632
625068 9285204 36567.732249828
646927 9285204 36473.451267884
668786 9285204 36449.414556326
690645 9285204 36581.201885757
712504 9285204 37025.365897446
734363 9285204 37656.263791386
756222 9285204 38160.243689598
778081 9285204 38491.103125503
799940 9285204 38572.248720352
821799 9285204 38473.956141953
843658 9285204 38409.16066179
865517 9285204 38388.955348625
887376 9285204 38382.053440544
909235 9285204 38385.315516316
931094 9285204 38390.018277665
952953 9285204 38384.717136108
974812 9285204 38124.413491183
996671 9285204 37604.910534768
1018530 9285204 37399.617969355
1040389 9285204 37593.245384933
1062248 9285204 37923.406205916
1084107 9285204 38327.831243066
1105966 9285204 38503.729016149
1127825 9285204 38404.538503569
1149684 9285204 38197.491267359
1171543 9285204 38043.176997659
1193402 9285204 37902.854622523
1215261 9285204 37865.055470045
1237120 9285204 37814.790601545
1258979 9285204 37600.780755022
1280838 9285204 37388.146894425
166029 9306958 36648.677042314
187888 9306958 36617.077971506
209747 9306958 36650.503170591
231606 9306958 36964.54622154
253465 9306958 37381.09223492
275324 9306958 37715.931505821
297183 9306958 37903.043658919
319042 9306958 37926.355508194
340901 9306958 37841.715220629
362760 9306958 37818.023391643
384619 9306958 37792.274595568
406478 9306958 37693.308171497
428337 9306958 37527.410180827
450196 9306958 37226.158845104
472055 9306958 36888.11928576
493914 9306958 36595.515429323
515773 9306958 36386.447389135
537632 9306958 36330.993522279
559491 9306958 36363.163912444
581350 9306958 36405.281476082
603209 9306958 36425.73909023
625068 9306958 36346.749491567
646927 9306958 36249.53621636
668786 9306958 36213.592754697
690645 9306958 36337.71650398
712504 9306958 36780.720295433
734363 9306958 37425.500950003
756222 9306958 37954.470784326
778081 9306958 38270.65516841
799940 9306958 38301.569362448
821799 9306958 38129.363458168
843658 9306958 38011.858319868
865517 9306958 38008.995094866
887376 9306958 38126.749291894
909235 9306958 38327.067775945
931094 9306958 38495.721029536
952953 9306958 38558.873681985
974812 9306958 38325.628579463
996671 9306958 37857.619105981
1018530 9306958 37643.056027189
1040389 9306958 37788.180110658
1062248 9306958 38071.620527532
1084107 9306958 38370.275678465
1105966 9306958 38480.469521425
1127825 9306958 38358.081034371
1149684 9306958 38129.066023153
1171543 9306958 37880.796290483
1193402 9306958 37652.388484341
1215261 9306958 37468.55776855
1237120 9306958 37276.477511154
1258979 9306958 37024.972372919
1280838 9306958 36742.619545161
166029 9328712 36576.080239813
187888 9328712 36549.868227977
209747 9328712 36630.300154748
231606 9328712 36978.194845458
253465 9328712 37453.067794966
275324 9328712 37765.221876189
297183 9328712 37952.157075176
319042 9328712 37944.976673916
340901 9328712 37832.927738099
362760 9328712 37743.242656439
384619 9328712 37636.446100114
406478 9328712 37478.099667209
428337 9328712 37254.661054756
450196 9328712 36960.18273398
472055 9328712 36622.736955936
493914 9328712 36365.577977113
515773 9328712 36166.784534763
537632 9328712 36123.00470974
559491 9328712 36141.91521611
581350 9328712 36173.874651443
603209 9328712 36167.696692626
625068 9328712 36073.797066712
646927 9328712 35942.746055518
668786 9328712 35900.700180265
690645 9328712 36003.585979942
712504 9328712 36470.086670587
734363 9328712 37176.424083853
756222 9328712 37704.589743258
778081 9328712 38003.497663438
799940 9328712 37991.140185665
821799 9328712 37737.248352833
843658 9328712 37608.341430562
865517 9328712 37634.99067352
887376 9328712 37876.328596761
909235 9328712 38287.562687797
931094 9328712 38587.646433788
952953 9328712 38717.880976677
974812 9328712 38538.440697602
996671 9328712 38106.948325188
1018530 9328712 37916.694329949
1040389 9328712 38099.106108442
1062248 9328712 38334.497637032
1084107 9328712 38521.500441488
1105966 9328712 38553.484153407
1127825 9328712 38340.854956967
1149684 9328712 38068.018487485
1171543 9328712 37665.716240479
1193402 9328712 37319.015116378
1215261 9328712 36955.256229344
1237120 9328712 36625.996035551
1258979 9328712 36314.71684667
1280838 9328712 36011.839920525
166029 9350466 36342.43853856
187888 9350466 36363.671131472
209747 9350466 36505.226729774
231606 9350466 36905.771092017
253465 9350466 37418.220925629
275324 9350466 37783.179367694
297183 9350466 37991.423895943
319042 9350466 38004.932850659
340901 9350466 37886.36976981
362760 9350466 37731.060566646
384619 9350466 37537.192851641
406478 9350466 37306.633730565
428337 9350466 37043.404946166
450196 9350466 36757.576449746
472055 9350466 36467.593130095
493914 9350466 36251.835142731
515773 9350466 36098.562761974
537632 9350466 36057.700814562
559491 9350466 36063.987224187
581350 9350466 36055.052072355
603209 9350466 35995.732348249
625068 9350466 35864.585017465
646927 9350466 35710.701951888
668786 9350466 35658.11619329
690645 9350466 35770.848448532
712504 9350466 36211.509338234
734363 9350466 36864.82564388
756222 9350466 37367.474069597
778081 9350466 37640.892448273
799940 9350466 37640.359402061
821799 9350466 37446.765065899
843658 9350466 37369.469530841
865517 9350466 37481.113553065
887376 9350466 37830.864154357
909235 9350466 38345.856764139
931094 9350466 38718.792345584
952953 9350466 38856.286795636
974812 9350466 38709.962292114
996671 9350466 38375.430445961
1018530 9350466 38237.01861851
1040389 9350466 38381.29330794
1062248 9350466 38517.87103858
1084107 9350466 38525.181891972
1105966 9350466 38381.350018745
1127825 9350466 38077.170439724
1149684 9350466 37704.274185048
1171543 9350466 37258.553032971
1193402 9350466 36824.913198605
1215261 9350466 36383.936967927
1237120 9350466 35973.293381864
1258979 9350466 35604.522316428
1280838 9350466 35287.726512046
166029 9372220 36037.974759024
187888 9372220 36085.925331018
209747 9372220 36247.595314024
231606 9372220 36748.285164502
253465 9372220 37343.937117021
275324 9372220 37766.536736291
297183 9372220 38035.594142679
319042 9372220 38087.050294684
340901 9372220 37982.622152365
362760 9372220 37767.211313578
384619 9372220 37478.467494146
406478 9372220 37178.24465568
428337 9372220 36881.176844379
450196 9372220 36619.945912491
472055 9372220 36395.935931911
493914 9372220 36230.335195743
515773 9372220 36130.858380798
537632 9372220 36088.126926676
559491 9372220 36094.499436699
581350 9372220 36030.705685597
603209 9372220 35910.680756462
625068 9372220 35745.675295473
646927 9372220 35561.305306245
668786 9372220 35514.008707731
690645 9372220 35616.455759871
712504 9372220 36015.850214987
734363 9372220 36590.149557029
756222 9372220 37040.103289606
778081 9372220 37289.9022527
799940 9372220 37330.396088487
821799 9372220 37232.460476947
843658 9372220 37239.189020303
865517 9372220 37439.386509905
887376 9372220 37868.871107344
909235 9372220 38486.568992958
931094 9372220 38894.757913321
952953 9372220 38982.508128316
974812 9372220 38858.769365498
996671 9372220 38568.343166097
1018530 9372220 38459.02595915
1040389 9372220 38607.495702088
1062248 9372220 38645.774637406
1084107 9372220 38396.712917865
1105966 9372220 38062.231976547
1127825 9372220 37633.737639716
1149684 9372220 37191.500788216
1171543 9372220 36732.757947923
1193402 9372220 36287.318240831
1215261 9372220 35832.002367412
1237120 9372220 35369.220315963
1258979 9372220 34986.584634238
1280838 9372220 34596.126765914
166029 9393974 35782.833688342
187888 9393974 35847.149870567
209747 9393974 36068.967985269
231606 9393974 36600.718443637
253465 9393974 37231.743964455
275324 9393974 37719.415885622
297183 9393974 38049.648920644
319042 9393974 38168.793170947
340901 9393974 38096.730962396
362760 9393974 37834.781811896
384619 9393974 37457.91288679
406478 9393974 37082.308500479
428337 9393974 36752.781535863
450196 9393974 36513.979465595
472055 9393974 36346.802490716
493914 9393974 36216.408615852
515773 9393974 36126.464681082
537632 9393974 36074.809036928
559491 9393974 36056.209846227
581350 9393974 35978.675789997
603209 9393974 35855.046902523
625068 9393974 35705.498991863
646927 9393974 35557.702605877
668786 9393974 35530.922321718
690645 9393974 35639.793215028
712504 9393974 35978.182354619
734363 9393974 36450.750721372
756222 9393974 36835.460060152
778081 9393974 37068.335828509
799940 9393974 37145.496601341
821799 9393974 37129.691681873
843658 9393974 37196.153886758
865517 9393974 37430.503157147
887376 9393974 37877.04051409
909235 9393974 38476.904169272
931094 9393974 38879.382264276
952953 9393974 38978.531991684
974812 9393974 38886.983995804
996671 9393974 38674.270031746
1018530 9393974 38590.747986569
1040389 9393974 38660.164387483
1062248 9393974 38556.539567977
1084107 9393974 38152.049013041
1105966 9393974 37646.48750076
1127825 9393974 37120.551421474
1149684 9393974 36633.173531936
1171543 9393974 36207.214372391
1193402 9393974 35820.450365938
1215261 9393974 35446.725651409
1237120 9393974 35054.227838249
1258979 9393974 34657.912781483
1280838 9393974 34285.540720888
166029 9415728 35586.318459736
187888 9415728 35698.607498057
209747 9415728 35934.931734852
231606 9415728 36499.814510664
253465 9415728 37136.890354602
275324 9415728 37660.620743601
297183 9415728 38048.551123125
319042 9415728 38234.599251204
340901 9415728 38248.304552584
362760 9415728 37914.306599117
384619 9415728 37434.911241496
406478 9415728 36984.643797098
428337 9415728 36607.32286138
450196 9415728 36391.74217277
472055 9415728 36301.182818128
493914 9415728 36168.930564361
515773 9415728 36060.558883976
537632 9415728 35981.773230251
559491 9415728 35940.336482987
581350 9415728 35871.672197714
603209 9415728 35794.404486675
625068 9415728 35703.525447193
646927 9415728 35639.674963246
668786 9415728 35659.687571958
690645 9415728 35788.103740939
712504 9415728 36073.266567904
734363 9415728 36438.301313769
756222 9415728 36758.011653418
778081 9415728 36972.253956771
799940 9415728 37068.032313524
821799 9415728 37104.475445598
843658 9415728 37187.615817355
865517 9415728 37392.383666008
887376 9415728 37799.428128
909235 9415728 38360.392432234
931094 9415728 38753.362895265
952953 9415728 38868.23946318
974812 9415728 38837.497947343
996671 9415728 38698.201281538
1018530 9415728 38640.037503752
1040389 9415728 38680.036450512
1062248 9415728 38475.490270111
1084107 9415728 37914.651506122
1105966 9415728 37243.665966568
1127825 9415728 36663.196041472
1149684 9415728 36115.506544396
1171543 9415728 35780.0611815
1193402 9415728 35459.242474736
1215261 9415728 35234.471879274
1237120 9415728 34928.143305355
1258979 9415728 34514.052669346
1280838 9415728 34101.228620725
166029 9437482 35635.321522858
187888 9437482 35749.017228884
209747 9437482 35996.737465994
231606 9437482 36510.629135667
253465 9437482 37100.352000133
275324 9437482 37604.41197484
297183 9437482 37994.967281427
319042 9437482 38211.355100571
340901 9437482 38238.637194819
362760 9437482 37903.330473834
384619 9437482 37386.177725904
406478 9437482 36876.7715988
428337 9437482 36451.308664112
450196 9437482 36218.552809915
472055 9437482 36126.999719535
493914 9437482 36002.226105673
515773 9437482 35882.695536853
537632 9437482 35790.303337088
559491 9437482 35736.151325261
581350 9437482 35690.724695702
603209 9437482 35667.666903675
625068 9437482 35654.762329311
646927 9437482 35680.254961658
668786 9437482 35769.218327493
690645 9437482 35937.627664876
712504 9437482 36208.076055192
734363 9437482 36522.816188116
756222 9437482 36792.07546586
778081 9437482 36970.889298631
799940 9437482 37052.519204773
821799 9437482 37082.734971125
843658 9437482 37144.556389625
865517 9437482 37304.876761114
887376 9437482 37646.387153255
909235 9437482 38130.781569366
931094 9437482 38520.895654924
952953 9437482 38717.195536198
974812 9437482 38785.012242252
996671 9437482 38757.098177445
1018530 9437482 38772.356583204
1040389 9437482 38818.299294404
1062248 9437482 38576.453989083
1084107 9437482 37943.389919062
1105966 9437482 37195.944799614
1127825 9437482 36530.517664818
1149684 9437482 35969.816515016
1171543 9437482 35619.795957682
1193402 9437482 35356.697256031
1215261 9437482 35176.828707604
1237120 9437482 34883.221911581
1258979 9437482 34406.518378502
1280838 9437482 33879.022337715
166029 9459236 35851.972870773
187888 9459236 35949.325057346
209747 9459236 36181.831995731
231606 9459236 36596.167407507
253465 9459236 37103.186081095
275324 9459236 37535.158082562
297183 9459236 37888.224731233
319042 9459236 38099.988604596
340901 9459236 38137.636100461
362760 9459236 37821.08959828
384619 9459236 37316.857289149
406478 9459236 36769.036082785
428337 9459236 36273.576166403
450196 9459236 36021.103283447
472055 9459236 35893.933488962
493914 9459236 35785.490630247
515773 9459236 35655.222609017
537632 9459236 35569.065957982
559491 9459236 35487.558444934
581350 9459236 35471.481814121
603209 9459236 35491.830761263
625068 9459236 35544.618237745
646927 9459236 35657.134569002
668786 9459236 35807.341151862
690645 9459236 36037.63442406
712504 9459236 36318.260757925
734363 9459236 36630.10570712
756222 9459236 36870.631788351
778081 9459236 37009.008264699
799940 9459236 37059.216104345
821799 9459236 37046.421583976
843658 9459236 37065.345224144
865517 9459236 37166.622013245
887376 9459236 37440.052609003
909235 9459236 37846.018184219
931094 9459236 38255.807991161
952953 9459236 38590.260274784
974812 9459236 38770.242163739
996671 9459236 38854.43860257
1018530 9459236 38947.888006676
1040389 9459236 39089.400599856
1062248 9459236 38906.173790268
1084107 9459236 38195.563310716
1105966 9459236 37391.669701604
1127825 9459236 36673.392335256
1149684 9459236 36048.0936496
1171543 9459236 35689.592244078
1193402 9459236 35392.734412784
1215261 9459236 35257.678663508
1237120 9459236 34953.441011367
1258979 9459236 34311.301673015
1280838 9459236 33606.780756872
166029 9480990 36066.418344523
187888 9480990 36139.539565393
209747 9480990 36308.085141078
231606 9480990 36634.442774358
253465 9480990 37052.561374778
275324 9480990 37418.528221422
297183 9480990 37725.97754769
319042 9480990 37929.089974325
340901 9480990 37975.884439304
362760 9480990 37702.882445547
384619 9480990 37238.781671682
406478 9480990 36705.130006434
428337 9480990 36205.928248531
450196 9480990 35942.340409351
472055 9480990 35808.878030399
493914 9480990 35714.764986035
515773 9480990 35601.966557342
537632 9480990 35514.931467956
559491 9480990 35417.886306934
581350 9480990 35376.732960422
603209 9480990 35375.351025431
625068 9480990 35417.233312094
646927 9480990 35532.329061447
668786 9480990 35695.930280399
690645 9480990 35946.530953468
712504 9480990 36250.614162354
734363 9480990 36583.002386819
756222 9480990 36838.599758116
778081 9480990 36979.7360823
799940 9480990 37018.746018093
821799 9480990 36978.683909886
843658 9480990 36958.991264717
865517 9480990 37023.592434402
887376 9480990 37270.752801432
909235 9480990 37683.460292906
931094 9480990 38168.683449417
952953 9480990 38624.648248177
974812 9480990 38890.498708459
996671 9480990 38986.976863216
1018530 9480990 39106.695374538
1040389 9480990 39293.575519584
1062248 9480990 39171.23784775
1084107 9480990 38559.770466927
1105966 9480990 37799.621657728
1127825 9480990 37059.372894409
1149684 9480990 36414.929712179
1171543 9480990 35982.707403722
1193402 9480990 35643.566382006
1215261 9480990 35380.978676077
1237120 9480990 34955.636485619
1258979 9480990 34218.269842792
1280838 9480990 33400.900699295
166029 9502744 36274.759753097
187888 9502744 36272.665422737
209747 9502744 36345.170780959
231606 9502744 36598.222762822
253465 9502744 36949.277156243
275324 9502744 37268.424692632
297183 9502744 37529.902841182
319042 9502744 37752.912514074
340901 9502744 37809.670111342
362760 9502744 37616.890130332
384619 9502744 37216.874969477
406478 9502744 36750.513933762
428337 9502744 36281.067013442
450196 9502744 36048.92625379
472055 9502744 35917.176091065
493914 9502744 35860.191943479
515773 9502744 35779.398951
537632 9502744 35684.478405449
559491 9502744 35556.705350683
581350 9502744 35436.281588949
603209 9502744 35332.19783818
625068 9502744 35279.429105783
646927 9502744 35310.394988613
668786 9502744 35423.190359731
690645 9502744 35654.694737953
712504 9502744 35979.149511364
734363 9502744 36365.19659875
756222 9502744 36676.541488401
778081 9502744 36867.98438123
799940 9502744 36924.830737333
821799 9502744 36869.577025513
843658 9502744 36815.507904158
865517 9502744 36851.259566222
887376 9502744 37102.416476695
909235 9502744 37579.047365037
931094 9502744 38176.435771368
952953 9502744 38787.607304925
974812 9502744 39130.023462548
996671 9502744 39092.523337997
1018530 9502744 39165.984708897
1040389 9502744 39429.03331481
1062248 9502744 39398.143742822
1084107 9502744 38926.597687553
1105966 9502744 38253.119185726
1127825 9502744 37474.690116433
1149684 9502744 36796.223687042
1171543 9502744 36247.26347596
1193402 9502744 35856.88383449
1215261 9502744 35374.177630742
1237120 9502744 34879.597630294
1258979 9502744 33987.838322842
1280838 9502744 33107.826897061
166029 9524498 36357.046337821
187888 9524498 36307.308350217
209747 9524498 36314.960808529
231606 9524498 36513.842642963
253465 9524498 36831.053031318
275324 9524498 37157.535321374
297183 9524498 37449.145338731
319042 9524498 37710.362163673
340901 9524498 37816.655718073
362760 9524498 37697.792120211
384619 9524498 37385.695947803
406478 9524498 37005.281153538
428337 9524498 36610.582807279
450196 9524498 36431.671258045
472055 9524498 36333.225167955
493914 9524498 36288.48698072
515773 9524498 36198.986316775
537632 9524498 36060.832235868
559491 9524498 35855.981036149
581350 9524498 35613.620832947
603209 9524498 35356.03952781
625068 9524498 35138.853362823
646927 9524498 35013.905499819
668786 9524498 35017.143468438
690645 9524498 35192.254227637
712504 9524498 35529.188096294
734363 9524498 35980.484327701
756222 9524498 36382.451645285
778081 9524498 36661.278558548
799940 9524498 36764.251089006
821799 9524498 36703.784773693
843658 9524498 36603.483376781
865517 9524498 36580.51179296
887376 9524498 36829.95403944
909235 9524498 37379.993931
931094 9524498 38070.244869079
952953 9524498 38765.135211507
974812 9524498 39160.047315185
996671 9524498 39156.312591183
1018530 9524498 39245.093020245
1040389 9524498 39513.471742751
1062248 9524498 39520.933239877
1084107 9524498 39111.924005518
1105966 9524498 38435.316639889
1127825 9524498 37572.121675624
1149684 9524498 36739.565191233
1171543 9524498 36018.792596276
1193402 9524498 35436.183161917
1215261 9524498 34839.754447921
1237120 9524498 34227.310566856
1258979 9524498 33365.762546547
1280838 9524498 32464.014818564
166029 9546252 36359.671111795
187888 9546252 36289.168499773
209747 9546252 36240.313427535
231606 9546252 36432.479884927
253465 9546252 36720.278763399
275324 9546252 37129.99872202
297183 9546252 37513.890035092
319042 9546252 37832.879404839
340901 9546252 37999.625817292
362760 9546252 37955.286148945
384619 9546252 37741.008135249
406478 9546252 37451.244451919
428337 9546252 37170.880188204
450196 9546252 37037.770260753
472055 9546252 37005.182542051
493914 9546252 36919.756224171
515773 9546252 36798.779986883
537632 9546252 36562.888214054
559491 9546252 36264.77666365
581350 9546252 35861.103569029
603209 9546252 35421.081466294
625068 9546252 35002.379472223
646927 9546252 34656.493175779
668786 9546252 34533.580527975
690645 9546252 34614.183916819
712504 9546252 34980.552686692
734363 9546252 35513.916694793
756222 9546252 36038.730213653
778081 9546252 36451.033182208
799940 9546252 36620.111459446
821799 9546252 36557.231883513
843658 9546252 36398.577903599
865517 9546252 36247.559330603
887376 9546252 36459.6878439
909235 9546252 37114.270210963
931094 9546252 37842.096805494
952953 9546252 38568.183914656
974812 9546252 39009.544835289
996671 9546252 39111.697293971
1018530 9546252 39244.151077939
1040389 9546252 39498.183735652
1062248 9546252 39501.286135952
1084107 9546252 39076.909000126
1105966 9546252 38352.760511379
1127825 9546252 37308.20585529
1149684 9546252 36245.554731042
1171543 9546252 35297.684922214
1193402 9546252 34479.174603275
1215261 9546252 33815.790535556
1237120 9546252 33143.33705592
1258979 9546252 32366.55706579
1280838 9546252 31547.655991462
166029 9568006 36419.903593868
187888 9568006 36349.73846747
209747 9568006 36305.956471261
231606 9568006 36506.904880536
253465 9568006 36807.515058378
275324 9568006 37264.911249254
297183 9568006 37709.98112329
319042 9568006 38081.173619843
340901 9568006 38302.321387681
362760 9568006 38312.383711914
384619 9568006 38166.577706767
406478 9568006 37950.983798778
428337 9568006 37737.377577594
450196 9568006 37637.607669981
472055 9568006 37602.040632352
493914 9568006 37463.409560033
515773 9568006 37264.896550886
537632 9568006 36929.213354825
559491 9568006 36525.393393516
581350 9568006 35991.912765316
603209 9568006 35410.817642695
625068 9568006 34847.569237438
646927 9568006 34369.267666702
668786 9568006 34171.230606665
690645 9568006 34232.176351924
712504 9568006 34649.095209002
734363 9568006 35281.384129262
756222 9568006 35917.576977528
778081 9568006 36433.267902131
799940 9568006 36662.898005929
821799 9568006 36613.660716825
843658 9568006 36432.47191738
865517 9568006 36235.211346069
887376 9568006 36399.379563453
909235 9568006 37005.880159328
931094 9568006 37655.261817213
952953 9568006 38287.916658104
974812 9568006 38726.515152172
996671 9568006 38925.483839751
1018530 9568006 39094.074024447
1040389 9568006 39264.396288121
1062248 9568006 39195.200590817
1084107 9568006 38744.645846731
1105966 9568006 37958.616819392
1127825 9568006 36778.536199069
1149684 9568006 35519.209904554
1171543 9568006 34345.940641283
1193402 9568006 33341.474403188
1215261 9568006 32584.151935748
1237120 9568006 31862.899586587
1258979 9568006 31077.994284403
1280838 9568006 30270.201946885
166029 9589760 36540.545520943
187888 9589760 36527.733059471
209747 9589760 36542.84648769
231606 9589760 36759.677658403
253465 9589760 37077.639316932
275324 9589760 37531.950286395
297183 9589760 38001.606201014
319042 9589760 38368.703284861
340901 9589760 38637.181237153
362760 9589760 38646.282881825
384619 9589760 38557.47846699
406478 9589760 38375.619114716
428337 9589760 38227.240214217
450196 9589760 38111.278634812
472055 9589760 38024.989197831
493914 9589760 37805.070115076
515773 9589760 37494.401350043
537632 9589760 37065.033244496
559491 9589760 36567.051865878
581350 9589760 35956.010399025
603209 9589760 35299.782605961
625068 9589760 34684.439385388
646927 9589760 34171.338755034
668786 9589760 33987.959341991
690645 9589760 34106.234938649
712504 9589760 34610.396160095
734363 9589760 35351.795974956
756222 9589760 36079.383969182
778081 9589760 36658.321895075
799940 9589760 36927.576734814
821799 9589760 36895.333105955
843658 9589760 36714.759561904
865517 9589760 36537.531051047
887376 9589760 36618.967526931
909235 9589760 37045.451023919
931094 9589760 37490.929613027
952953 9589760 37847.483811051
974812 9589760 38196.097082329
996671 9589760 38539.955600947
1018530 9589760 38758.572265813
1040389 9589760 38707.116860905
1062248 9589760 38529.072106214
1084107 9589760 38089.250002218
1105966 9589760 37323.71109705
1127825 9589760 36036.0650237
1149684 9589760 34646.079249423
1171543 9589760 33296.548219734
1193402 9589760 32071.960760831
1215261 9589760 31305.070129769
1237120 9589760 30504.679138256
1258979 9589760 29617.742456549
1280838 9589760 28756.687265617
166029 9611514 36746.536106305
187888 9611514 36806.766286064
209747 9611514 36880.32088337
231606 9611514 37115.771696502
253465 9611514 37403.890323204
275324 9611514 37792.198276558
297183 9611514 38187.175292072
319042 9611514 38475.662129853
340901 9611514 38709.627382724
362760 9611514 38697.06724872
384619 9611514 38641.099002188
406478 9611514 38509.497010537
428337 9611514 38420.201921109
450196 9611514 38323.29988354
472055 9611514 38213.725140618
493914 9611514 37916.315224913
515773 9611514 37507.525553989
537632 9611514 36984.083046201
559491 9611514 36422.830772565
581350 9611514 35775.623604223
603209 9611514 35123.078527367
625068 9611514 34545.217384445
646927 9611514 34098.109595897
668786 9611514 34013.317905933
690645 9611514 34239.334197577
712504 9611514 34849.476030242
734363 9611514 35682.441883468
756222 9611514 36461.459745398
778081 9611514 37066.083681047
799940 9611514 37337.339743951
821799 9611514 37291.149684927
843658 9611514 37082.992428899
865517 9611514 36834.004218571
887376 9611514 36745.131818737
909235 9611514 36898.333676718
931094 9611514 37052.728201941
952953 9611514 37145.558945157
974812 9611514 37339.340592315
996671 9611514 37630.286630277
1018530 9611514 37798.644089299
1040389 9611514 37655.077522228
1062248 9611514 37420.882552655
1084107 9611514 36992.462759001
1105966 9611514 36293.017551391
1127825 9611514 35117.11260579
1149684 9611514 33796.441648104
1171543 9611514 32435.677678786
1193402 9611514 31139.622827774
1215261 9611514 30199.672544332
1237120 9611514 29206.338453015
1258979 9611514 28115.234928568
1280838 9611514 27157.587605605
166029 9633268 36982.62019029
187888 9633268 37121.710770263
209747 9633268 37292.292594136
231606 9633268 37470.954893533
253465 9633268 37720.613473142
275324 9633268 37906.581412444
297183 9633268 38141.65813579
319042 9633268 38256.479742174
340901 9633268 38370.69760084
362760 9633268 38350.712148593
384619 9633268 38320.912962641
406478 9633268 38314.813458044
428337 9633268 38309.913067532
450196 9633268 38317.036350266
472055 9633268 38194.12194605
493914 9633268 37871.736014913
515773 9633268 37336.006406142
537632 9633268 36747.514944194
559491 9633268 36110.506195001
581350 9633268 35472.991203233
603209 9633268 34882.657131658
625068 9633268 34403.987280533
646927 9633268 34132.902527479
668786 9633268 34180.311588531
690645 9633268 34574.131175774
712504 9633268 35256.767041644
734363 9633268 36139.2629537
756222 9633268 36901.016150017
778081 9633268 37462.037339764
799940 9633268 37693.281409609
821799 9633268 37605.334366153
843658 9633268 37348.254031571
865517 9633268 36982.411564441
887376 9633268 36681.859704924
909235 9633268 36430.456139515
931094 9633268 36248.825385037
952953 9633268 36103.494100914
974812 9633268 36086.154149519
996671 9633268 36204.146057893
1018530 9633268 36254.023963261
1040389 9633268 36122.698772691
1062248 9633268 35883.936215838
1084107 9633268 35503.521691183
1105966 9633268 34896.693218502
1127825 9633268 34060.775210327
1149684 9633268 32993.640077576
1171543 9633268 31731.77051871
1193402 9633268 30494.538078907
1215261 9633268 29257.694449919
1237120 9633268 28043.055327734
1258979 9633268 26640.764353081
1280838 9633268 25452.531364159
166029 9655022 37113.77428753
187888 9655022 37288.498226716
209747 9655022 37457.294323521
231606 9655022 37526.020872086
253465 9655022 37624.967895196
275324 9655022 37580.158002033
297183 9655022 37625.618120344
319042 9655022 37569.880405163
340901 9655022 37628.539677494
362760 9655022 37648.913672203
384619 9655022 37766.464034128
406478 9655022 37978.94831456
428337 9655022 38191.047675969
450196 9655022 38380.336664477
472055 9655022 38338.179422341
493914 9655022 37995.612588979
515773 9655022 37345.887034288
537632 9655022 36649.939961248
559491 9655022 35911.382901387
581350 9655022 35223.364728083
603209 9655022 34631.405093578
625068 9655022 34203.132287218
646927 9655022 34024.839313606
668786 9655022 34170.2195045
690645 9655022 34646.738593095
712504 9655022 35335.406556573
734363 9655022 36171.761596163
756222 9655022 36833.395580267
778081 9655022 37294.850926545
799940 9655022 37454.766271942
821799 9655022 37322.935446215
843658 9655022 37034.787070232
865517 9655022 36592.354670018
887376 9655022 36138.97547723
909235 9655022 35632.618324569
931094 9655022 35191.656553676
952953 9655022 34810.769212007
974812 9655022 34580.666847505
996671 9655022 34528.944972918
1018530 9655022 34491.704397908
1040389 9655022 34380.512025467
1062248 9655022 34211.272563747
1084107 9655022 33948.184878162
1105966 9655022 33498.560817797
1127825 9655022 32878.388553407
1149684 9655022 31982.58508677
1171543 9655022 30790.196580837
1193402 9655022 29531.699079351
1215261 9655022 28169.889898693
1237120 9655022 26825.41983602
1258979 9655022 25364.132943459
1280838 9655022 24191.494032617
166029 9676776 37085.09273249
187888 9676776 37241.066133127
209747 9676776 37328.064497218
231606 9676776 37200.067703256
253465 9676776 37018.177643216
275324 9676776 36754.832226196
297183 9676776 36542.237732077
319042 9676776 36420.174176662
340901 9676776 36427.541210251
362760 9676776 36660.707094331
384619 9676776 37038.601889076
406478 9676776 37628.376561067
428337 9676776 38212.643954374
450196 9676776 38663.594182055
472055 9676776 38792.794003397
493914 9676776 38420.077667844
515773 9676776 37652.672845011
537632 9676776 36786.029937562
559491 9676776 35890.365446806
581350 9676776 35068.111544314
603209 9676776 34370.778450288
625068 9676776 33912.144665312
646927 9676776 33728.811649326
668786 9676776 33897.563107098
690645 9676776 34367.335704769
712504 9676776 34964.658816392
734363 9676776 35587.534708275
756222 9676776 36064.123960452
778081 9676776 36337.482216408
799940 9676776 36400.56036285
821799 9676776 36269.647234343
843658 9676776 35993.758926843
865517 9676776 35590.268910107
887376 9676776 35099.710945429
909235 9676776 34507.821257142
931094 9676776 33920.435581581
952953 9676776 33375.867018793
974812 9676776 32957.416742506
996671 9676776 32756.744045977
1018530 9676776 32618.817829147
1040389 9676776 32623.108412878
1062248 9676776 32534.4146644
1084107 9676776 32459.372519516
1105966 9676776 32124.469705989
1127825 9676776 31602.394440194
1149684 9676776 30767.526305723
1171543 9676776 29556.921365956
1193402 9676776 28271.968781594
1215261 9676776 26927.183798497
1237120 9676776 25558.908786428
1258979 9676776 24345.915399819
1280838 9676776 23337.514608041
166029 9698530 36915.15517863
187888 9698530 36979.266896752
209747 9698530 36930.736858782
231606 9698530 36561.155768259
253465 9698530 36144.149953558
275324 9698530 35666.472670264
297183 9698530 35309.715262375
319042 9698530 35163.659171065
340901 9698530 35243.561873833
362760 9698530 35735.136465822
384619 9698530 36441.270769785
406478 9698530 37454.693203371
428337 9698530 38423.732497237
450196 9698530 39160.060737993
472055 9698530 39446.927181986
493914 9698530 39040.618948788
515773 9698530 38118.565558623
537632 9698530 37072.461693364
559491 9698530 35978.455082471
581350 9698530 34990.757537903
603209 9698530 34147.20180861
625068 9698530 33602.251589641
646927 9698530 33348.2385771
668786 9698530 33459.395344717
690645 9698530 33842.61308519
712504 9698530 34268.468294774
734363 9698530 34657.143040705
756222 9698530 34889.283305956
778081 9698530 34951.242125743
799940 9698530 34889.792107523
821799 9698530 34732.55051125
843658 9698530 34500.564056709
865517 9698530 34187.847262441
887376 9698530 33784.274335345
909235 9698530 33245.895784923
931094 9698530 32664.599729709
952953 9698530 32077.562849242
974812 9698530 31572.791346131
996671 9698530 31308.055659694
1018530 9698530 31137.433842862
1040389 9698530 31224.023106055
1062248 9698530 31200.496481747
1084107 9698530 31184.75878395
1105966 9698530 30824.517444155
1127825 9698530 30205.369208933
1149684 9698530 29304.758668299
1171543 9698530 28088.591720659
1193402 9698530 26926.468442031
1215261 9698530 25833.801583723
1237120 9698530 24719.769783913
1258979 9698530 23706.674501009
1280838 9698530 22781.973100748
166029 9720284 36635.560202098
187888 9720284 36545.95395639
209747 9720284 36267.294377988
231606 9720284 35729.709820363
253465 9720284 35064.21197294
275324 9720284 34522.110445834
297183 9720284 34085.076752707
319042 9720284 34039.181651871
340901 9720284 34270.996934902
362760 9720284 35058.881053439
384619 9720284 36152.755746432
406478 9720284 37528.145391743
428337 9720284 38885.89995542
450196 9720284 39801.208823121
472055 9720284 40198.4574805
493914 9720284 39699.354059559
515773 9720284 38656.202186902
537632 9720284 37374.937927354
559491 9720284 36093.852074495
581350 9720284 34912.635027773
603209 9720284 33933.842592182
625068 9720284 33270.508932865
646927 9720284 32925.160344072
668786 9720284 32913.385605193
690645 9720284 33121.03200537
712504 9720284 33310.890128004
734363 9720284 33408.024740406
756222 9720284 33339.814608436
778081 9720284 33153.714741067
799940 9720284 32916.282328233
821799 9720284 32704.929249598
843658 9720284 32512.026205507
865517 9720284 32343.082028501
887376 9720284 32125.984143671
909235 9720284 31781.345324547
931094 9720284 31381.130263776
952953 9720284 30844.230973292
974812 9720284 30417.146837363
996671 9720284 30067.68361683
1018530 9720284 29985.36499735
1040389 9720284 30046.516869236
1062248 9720284 30168.330123563
1084107 9720284 29966.433135778
1105966 9720284 29563.78389513
1127825 9720284 28556.865081463
1149684 9720284 27489.858878333
1171543 9720284 26374.114695919
1193402 9720284 25440.785886679
1215261 9720284 24920.734657781
1237120 9720284 24356.724537769
1258979 9720284 23399.519431133
1280838 9720284 22555.754405112
166029 9742038 36230.895753886
187888 9742038 36037.964374155
209747 9742038 35674.544926468
231606 9742038 35045.30896542
253465 9742038 34280.276249698
275324 9742038 33768.089606158
297183 9742038 33324.844447968
319042 9742038 33428.754523026
340901 9742038 33753.946813723
362760 9742038 34796.364883319
384619 9742038 36095.616737206
406478 9742038 37704.882907523
428337 9742038 39260.859112909
450196 9742038 40201.099021498
472055 9742038 40615.479861122
493914 9742038 39927.859916051
515773 9742038 38715.345273203
537632 9742038 37239.495540047
559491 9742038 35819.54208632
581350 9742038 34524.165674373
603209 9742038 33465.39545078
625068 9742038 32739.609740679
646927 9742038 32311.08665653
668786 9742038 32172.728326233
690645 9742038 32191.149048549
712504 9742038 32084.019501869
734363 9742038 31824.096343224
756222 9742038 31371.312864696
778081 9742038 30833.550768525
799940 9742038 30325.592409048
821799 9742038 29951.629003462
843658 9742038 29714.057264152
865517 9742038 29612.918504896
887376 9742038 29558.867499983
909235 9742038 29407.491038858
931094 9742038 29216.020840816
952953 9742038 28774.71702383
974812 9742038 28412.709976358
996671 9742038 27996.14815361
1018530 9742038 27917.946354381
1040389 9742038 27967.556406503
1062248 9742038 28157.012133383
1084107 9742038 27875.891360552
1105966 9742038 27492.374281617
1127825 9742038 26387.075844943
1149684 9742038 25421.737250529
1171543 9742038 24585.02768621
1193402 9742038 24018.762767663
1215261 9742038 23969.902428493
1237120 9742038 23777.800307151
1258979 9742038 22917.159343192
1280838 9742038 22096.011146789
166029 9763792 35656.39872955
187888 9763792 35514.805316788
209747 9763792 35199.882909599
231606 9763792 34666.097080968
253465 9763792 34039.517433905
275324 9763792 33613.5446624
297183 9763792 33362.380315333
319042 9763792 33509.780924821
340901 9763792 33999.471464754
362760 9763792 35012.502787096
384619 9763792 36369.41297885
406478 9763792 37881.37302392
428337 9763792 39317.595759849
450196 9763792 40097.871799527
472055 9763792 40240.976061636
493914 9763792 39406.160243121
515773 9763792 38000.761436404
537632 9763792 36449.347613581
559491 9763792 34966.312438834
581350 9763792 33706.302756066
603209 9763792 32693.998334638
625068 9763792 31994.341095625
646927 9763792 31541.274909393
668786 9763792 31275.886360815
690645 9763792 31066.010267719
712504 9763792 30591.461745759
734363 9763792 29877.709779355
756222 9763792 28958.65756374
778081 9763792 27959.767781623
799940 9763792 27114.745681139
821799 9763792 26449.570908403
843658 9763792 26071.065463507
865517 9763792 25931.656197476
887376 9763792 25914.562561299
909235 9763792 25991.640019463
931094 9763792 25913.540566289
952953 9763792 25667.015622145
974812 9763792 25296.545104125
996671 9763792 24813.336017719
1018530 9763792 24608.294717728
1040389 9763792 24708.510829229
1062248 9763792 24832.459861017
1084107 9763792 24722.710533223
1105966 9763792 24349.408535705
1127825 9763792 23688.840224468
1149684 9763792 23067.540893367
1171543 9763792 22846.353803002
1193402 9763792 22809.618727126
1215261 9763792 22996.857381467
1237120 9763792 22892.691821973
1258979 9763792 22179.75099147
1280838 9763792 21331.061342407
166029 9785546 35144.671325802
187888 9785546 35096.311349441
209747 9785546 34958.03072441
231606 9785546 34615.507428567
253465 9785546 34152.483522813
275324 9785546 33935.971164603
297183 9785546 33785.63282726
319042 9785546 34015.430349648
340901 9785546 34445.129804904
362760 9785546 35355.116487739
384619 9785546 36515.79284138
406478 9785546 37747.964670855
428337 9785546 38951.076553228
450196 9785546 39374.974370693
472055 9785546 39320.957776289
493914 9785546 38242.108605782
515773 9785546 36732.325377524
537632 9785546 35191.001372076
559491 9785546 33792.090150426
581350 9785546 32676.155357419
603209 9785546 31790.731670566
625068 9785546 31180.019083764
646927 9785546 30711.687561432
668786 9785546 30289.331975812
690645 9785546 29797.474323092
712504 9785546 28853.182678342
734363 9785546 27606.395708214
756222 9785546 26210.282282065
778081 9785546 24824.699732348
799940 9785546 23755.32124661
821799 9785546 22946.00001322
843658 9785546 22504.850268318
865517 9785546 22347.851187446
887376 9785546 22311.038762234
909235 9785546 22434.398407884
931094 9785546 22363.800848391
952953 9785546 22127.754587388
974812 9785546 21752.691926714
996671 9785546 21194.461641727
1018530 9785546 20969.432130608
1040389 9785546 21157.329682094
1062248 9785546 21403.73367012
1084107 9785546 21501.600338255
1105966 9785546 21402.748994715
1127825 9785546 21162.114083399
1149684 9785546 20986.463917213
1171543 9785546 21377.437342167
1193402 9785546 21766.465575978
1215261 9785546 22201.345111458
1237120 9785546 22203.417248623
1258979 9785546 21486.058819829
1280838 9785546 20611.918237821
166029 9807300 34669.558721599
187888 9807300 34809.623159811
209747 9807300 34927.670825977
231606 9807300 34858.244884372
253465 9807300 34724.267637879
275324 9807300 34636.981445808
297183 9807300 34673.344367855
319042 9807300 34805.875227565
340901 9807300 35142.769115336
362760 9807300 35683.193785079
384619 9807300 36414.524092069
406478 9807300 37169.365546364
428337 9807300 37794.637106455
450196 9807300 37918.756758201
472055 9807300 37496.515124844
493914 9807300 36422.058689038
515773 9807300 34943.834648514
537632 9807300 33622.93407389
559491 9807300 32483.89484006
581350 9807300 31639.291330634
603209 9807300 30978.753155621
625068 9807300 30482.945750702
646927 9807300 30016.697663726
668786 9807300 29350.138370991
690645 9807300 28410.355083593
712504 9807300 26920.62012582
734363 9807300 25002.072586735
756222 9807300 23227.664376225
778081 9807300 21691.2450336
799940 9807300 20617.510142669
821799 9807300 19988.663811259
843658 9807300 19634.661141116
865517 9807300 19505.203234453
887376 9807300 19399.016300318
909235 9807300 19283.375906235
931094 9807300 19012.367037278
952953 9807300 18642.617053546
974812 9807300 18134.836206895
996671 9807300 17724.570570661
1018530 9807300 17541.765128736
1040389 9807300 17893.155959012
1062248 9807300 18280.271531415
1084107 9807300 18731.62317409
1105966 9807300 18980.934846742
1127825 9807300 19177.806709268
1149684 9807300 19518.148276306
1171543 9807300 20331.835182153
1193402 9807300 21156.554773452
1215261 9807300 21572.881418136
1237120 9807300 21586.864591239
1258979 9807300 20856.267433266
1280838 9807300 20062.682520885
166029 9829054 34373.317831729
187888 9829054 34708.100251163
209747 9829054 35058.161534574
231606 9829054 35186.044352728
253465 9829054 35265.625013169
275324 9829054 35287.670880517
297183 9829054 35409.90651437
319042 9829054 35419.678879443
340901 9829054 35567.673337271
362760 9829054 35715.653814974
384619 9829054 35996.704818322
406478 9829054 36234.394310403
428337 9829054 36423.808343211
450196 9829054 36210.244010635
472055 9829054 35643.651385132
493914 9829054 34600.458750688
515773 9829054 33247.188476046
537632 9829054 32276.21716535
559491 9829054 31454.836120397
581350 9829054 30954.014865121
603209 9829054 30493.93943973
625068 9829054 30078.719409484
646927 9829054 29514.651156099
668786 9829054 28499.914287439
690645 9829054 27109.440554524
712504 9829054 25136.254902443
734363 9829054 22766.307596886
756222 9829054 20866.483496294
778081 9829054 19378.97037392
799940 9829054 18470.757044379
821799 9829054 18080.394169953
843658 9829054 17839.449586243
865517 9829054 17767.577827518
887376 9829054 17565.635801363
909235 9829054 17288.480345041
931094 9829054 16811.539826147
952953 9829054 16336.695484842
974812 9829054 15714.96395684
996671 9829054 15394.153605645
1018530 9829054 15181.693086536
1040389 9829054 15712.82589805
1062248 9829054 16149.998511575
1084107 9829054 16845.420852131
1105966 9829054 17287.893346548
1127825 9829054 17754.144274164
1149684 9829054 18289.294335688
1171543 9829054 19361.805340418
1193402 9829054 20364.835913495
1215261 9829054 20688.898507089
1237120 9829054 20757.110032853
1258979 9829054 19941.178412988
1280838 9829054 19214.900214677
166029 9850808 34480.277594895
187888 9850808 34821.852535228
209747 9850808 35226.00624054
231606 9850808 35470.8838787
253465 9850808 35610.782521944
275324 9850808 35677.401495341
297183 9850808 35724.994629395
319042 9850808 35652.917766346
340901 9850808 35555.755008969
362760 9850808 35381.396930745
384619 9850808 35192.746620075
406478 9850808 35022.757839481
428337 9850808 34779.757212196
450196 9850808 34426.301104308
472055 9850808 33840.83139245
493914 9850808 33039.454935841
515773 9850808 32122.4870825
537632 9850808 31514.563754026
559491 9850808 31134.108317805
581350 9850808 30902.25220167
603209 9850808 30645.494663041
625068 9850808 30141.48960987
646927 9850808 29286.474502226
668786 9850808 27783.747112357
690645 9850808 25743.844608355
712504 9850808 23499.944787999
734363 9850808 21252.736352792
756222 9850808 19561.331262694
778081 9850808 18492.166626374
799940 9850808 17881.992848038
821799 9850808 17650.865604241
843658 9850808 17521.945302972
865517 9850808 17411.241668563
887376 9850808 17182.013017388
909235 9850808 16784.004963033
931094 9850808 16271.010173816
952953 9850808 15680.727244892
974812 9850808 15123.958316024
996671 9850808 14745.143475643
1018530 9850808 14660.230497252
1040389 9850808 14984.208442127
1062248 9850808 15463.903670174
1084107 9850808 16018.130886825
1105966 9850808 16509.711887704
1127825 9850808 16970.820978948
1149684 9850808 17539.819544487
1171543 9850808 18370.517624752
1193402 9850808 19080.527616313
1215261 9850808 19356.940835578
1237120 9850808 19215.759775412
1258979 9850808 18648.224716187
1280838 9850808 18045.186659408
166029 9872562 34685.348654712
187888 9872562 35111.978688098
209747 9872562 35517.601481444
231606 9872562 35727.530340474
253465 9872562 35842.611388995
275324 9872562 35832.541370054
297183 9872562 35818.991417793
319042 9872562 35587.84025408
340901 9872562 35331.502080143
362760 9872562 34867.655317042
384619 9872562 34337.027411048
406478 9872562 33870.670886851
428337 9872562 33350.000162838
450196 9872562 32956.197145838
472055 9872562 32456.849677685
493914 9872562 31958.161740793
515773 9872562 31379.970360422
537632 9872562 31222.756655781
559491 9872562 31194.279825026
581350 9872562 31217.989400311
603209 9872562 31051.860808369
625068 9872562 30352.488759601
646927 9872562 29156.912459213
668786 9872562 27155.193457153
690645 9872562 24642.991989869
712504 9872562 22331.767901409
734363 9872562 20292.405748875
756222 9872562 18989.343575459
778081 9872562 18366.81651626
799940 9872562 18029.86254353
821799 9872562 17948.455949917
843658 9872562 17846.173979969
865517 9872562 17699.383752288
887376 9872562 17434.955481864
909235 9872562 16985.928598798
931094 9872562 16460.108719388
952953 9872562 15843.988713018
974812 9872562 15292.588597521
996671 9872562 14910.694695945
1018530 9872562 14787.659761906
1040389 9872562 15035.517481074
1062248 9872562 15419.516658379
1084107 9872562 15868.728414178
1105966 9872562 16274.104252122
1127825 9872562 16631.351054187
1149684 9872562 16990.641991609
1171543 9872562 17561.034900467
1193402 9872562 18002.267863448
1215261 9872562 18105.130254178
1237120 9872562 17934.740199539
1258979 9872562 17491.70796859
1280838 9872562 16991.910861273
166029 9894316 35316.566057496
187888 9894316 35582.794514835
209747 9894316 35835.126693291
231606 9894316 35944.250670345
253465 9894316 35909.78858841
275324 9894316 35788.338339466
297183 9894316 35564.380175708
319042 9894316 35292.112844452
340901 9894316 34883.973583436
362760 9894316 34324.21611547
384619 9894316 33632.592024172
406478 9894316 32998.993870616
428337 9894316 32388.592194498
450196 9894316 31991.157784817
472055 9894316 31668.428041959
493914 9894316 31449.650754072
515773 9894316 31325.725867128
537632 9894316 31445.191288497
559491 9894316 31691.163186595
581350 9894316 31782.744827849
603209 9894316 31563.957126196
625068 9894316 30496.278737954
646927 9894316 28710.437573344
668786 9894316 26346.367662687
690645 9894316 23712.145441666
712504 9894316 21582.474582736
734363 9894316 20098.331835806
756222 9894316 19225.317967411
778081 9894316 18899.603894614
799940 9894316 18720.186271541
821799 9894316 18577.798367607
843658 9894316 18406.133836752
865517 9894316 18142.110126186
887376 9894316 17836.585894002
909235 9894316 17437.09890592
931094 9894316 16954.658929641
952953 9894316 16382.65655714
974812 9894316 15873.503183065
996671 9894316 15485.962838628
1018530 9894316 15360.798847808
1040389 9894316 15488.955711592
1062248 9894316 15792.367151928
1084107 9894316 16136.989254298
1105966 9894316 16458.935018031
1127825 9894316 16684.666562991
1149684 9894316 16867.345898516
1171543 9894316 17003.339385601
1193402 9894316 17082.952256692
1215261 9894316 17124.571631565
1237120 9894316 16990.740373369
1258979 9894316 16758.749672128
1280838 9894316 16561.849136922
166029 9916070 35825.906262133
187888 9916070 36036.796888294
209747 9916070 36187.179870734
231606 9916070 36181.834821648
253465 9916070 36005.804263581
275324 9916070 35788.385108141
297183 9916070 35393.986494619
319042 9916070 35107.990349325
340901 9916070 34623.120101926
362760 9916070 34032.114926106
384619 9916070 33213.406705148
406478 9916070 32557.84274572
428337 9916070 31835.559758279
450196 9916070 31540.7411853
472055 9916070 31313.595463205
493914 9916070 31338.10706939
515773 9916070 31437.121516877
537632 9916070 31753.59321945
559491 9916070 32104.98346243
581350 9916070 32069.354657295
603209 9916070 31707.205857092
625068 9916070 30141.518965147
646927 9916070 27909.786939371
668786 9916070 25342.559501435
690645 9916070 22726.493362935
712504 9916070 20962.600358088
734363 9916070 19993.997451396
756222 9916070 19489.828145126
778081 9916070 19417.638525216
799940 9916070 19287.480772234
821799 9916070 19048.695047359
843658 9916070 18804.815474666
865517 9916070 18455.491283839
887376 9916070 18174.786990373
909235 9916070 17838.013877298
931094 9916070 17444.841155985
952953 9916070 16898.381434302
974812 9916070 16442.879061576
996671 9916070 16044.318302147
1018530 9916070 15925.385916069
1040389 9916070 16001.72924763
1062248 9916070 16277.09913994
1084107 9916070 16556.040195937
1105966 9916070 16826.293238616
1127825 9916070 16915.316574632
1149684 9916070 16912.884254755
1171543 9916070 16735.241617923
1193402 9916070 16529.588986195
1215261 9916070 16573.805374392
1237120 9916070 16475.466938013
1258979 9916070 16412.047010122
1280838 9916070 16291.561338969
166029 9937824 36101.782991689
187888 9937824 36323.430556747
209747 9937824 36452.488168361
231606 9937824 36396.322370727
253465 9937824 36230.53615163
275324 9937824 35908.237452424
297183 9937824 35535.854273581
319042 9937824 35149.596499729
340901 9937824 34711.177985478
362760 9937824 34074.093677174
384619 9937824 33347.341321654
406478 9937824 32616.641040201
428337 9937824 31987.606953421
450196 9937824 31617.577370715
472055 9937824 31473.652727504
493914 9937824 31501.84735449
515773 9937824 31696.985905802
537632 9937824 31929.889963733
559491 9937824 32110.745809001
581350 9937824 31708.147803406
603209 9937824 30672.866075126
625068 9937824 28762.443884251
646927 9937824 26211.524054517
668786 9937824 23829.732920891
690645 9937824 21846.505688567
712504 9937824 20528.869616811
734363 9937824 19895.499580347
756222 9937824 19595.225198508
778081 9937824 19479.365391226
799940 9937824 19284.90007344
821799 9937824 18935.013175671
843658 9937824 18628.27835937
865517 9937824 18383.539342212
887376 9937824 18172.163338864
909235 9937824 17960.258419217
931094 9937824 17625.85222835
952953 9937824 17152.561279329
974812 9937824 16703.418278466
996671 9937824 16377.674420745
1018530 9937824 16253.518964327
1040389 9937824 16378.869771032
1062248 9937824 16632.810368858
1084107 9937824 16943.012252914
1105966 9937824 17168.880504558
1127825 9937824 17183.961922505
1149684 9937824 17049.510178737
1171543 9937824 16725.122384905
1193402 9937824 16471.973475478
1215261 9937824 16463.326783375
1237120 9937824 16494.710191931
1258979 9937824 16433.959570092
1280838 9937824 16406.192898486
166029 9959578 36108.402088101
187888 9959578 36244.092912208
209747 9959578 36439.181529815
231606 9959578 36312.243998904
253465 9959578 36217.039729205
275324 9959578 35813.768906419
297183 9959578 35460.50014629
319042 9959578 35034.484817371
340901 9959578 34691.432212726
362760 9959578 34029.118132894
384619 9959578 33402.762417705
406478 9959578 32681.767193744
428337 9959578 32074.324900417
450196 9959578 31676.53307615
472055 9959578 31493.592533006
493914 9959578 31395.172372874
515773 9959578 31492.493576308
537632 9959578 31440.796372682
559491 9959578 31438.143503761
581350 9959578 30560.344066083
603209 9959578 29165.820611985
625068 9959578 27037.582996209
646927 9959578 24372.191633674
668786 9959578 22359.149464608
690645 9959578 20909.209291871
712504 9959578 20006.259041769
734363 9959578 19671.575402351
756222 9959578 19475.867234648
778081 9959578 19347.286640538
799940 9959578 19115.233267497
821799 9959578 18676.745721255
843658 9959578 18382.294002277
865517 9959578 18249.269957188
887376 9959578 18131.398294974
909235 9959578 18052.121371397
931094 9959578 17807.161699334
952953 9959578 17381.122494087
974812 9959578 16963.214233494
996671 9959578 16697.434491666
1018530 9959578 16566.139656985
1040389 9959578 16741.704435467
1062248 9959578 16965.708829964
1084107 9959578 17265.979204082
1105966 9959578 17473.309628739
1127825 9959578 17371.366195832
1149684 9959578 17207.333118637
1171543 9959578 16757.159332226
1193402 9959578 16428.414718554
1215261 9959578 16469.137244999
1237120 9959578 16596.391597042
1258979 9959578 16490.735192001
1280838 9959578 16495.732527592
166029 9981332 35418.029884713
187888 9981332 35635.064478624
209747 9981332 35755.50110741
231606 9981332 35737.377228144
253465 9981332 35585.114102149
275324 9981332 35285.687746591
297183 9981332 34906.374745284
319042 9981332 34503.49812594
340901 9981332 34076.033154775
362760 9981332 33568.394034279
384619 9981332 33020.784759524
406478 9981332 32451.60883277
428337 9981332 31917.796667781
450196 9981332 31458.416828541
472055 9981332 31082.364007111
493914 9981332 30736.305349299
515773 9981332 30398.122936715
537632 9981332 29963.267527401
559491 9981332 29338.804328811
581350 9981332 28287.270820172
603209 9981332 26805.536750116
625068 9981332 24970.341858064
646927 9981332 22996.357814568
668786 9981332 21387.607506298
690645 9981332 20266.264345835
712504 9981332 19579.153411663
734363 9981332 19256.356188907
756222 9981332 19082.894804863
778081 9981332 18947.234665211
799940 9981332 18754.090816359
821799 9981332 18496.405881448
843658 9981332 18317.262357745
865517 9981332 18243.721061286
887376 9981332 18223.281377267
909235 9981332 18184.280420269
931094 9981332 18016.006668419
952953 9981332 17710.112999764
974812 9981332 17385.310445799
996671 9981332 17154.15260202
1018530 9981332 17075.743471258
1040389 9981332 17165.610082538
1062248 9981332 17320.300112404
1084107 9981332 17458.697914415
1105966 9981332 17481.830838809
1127825 9981332 17332.162689727
1149684 9981332 17065.649221975
1171543 9981332 16726.029882512
1193402 9981332 16473.971659803
1215261 9981332 16403.211122926
1237120 9981332 16397.818269919
1258979 9981332 16372.94201874
1280838 9981332 16348.643183669
166029 10003086 34597.56592161
187888 10003086 34787.095931038
209747 10003086 34922.039344766
231606 10003086 34946.592699963
253465 10003086 34814.291551525
275324 10003086 34528.888963361
297183 10003086 34135.900667162
319042 10003086 33709.510918335
340901 10003086 33278.286956928
362760 10003086 32849.474036339
384619 10003086 32419.456735845
406478 10003086 31968.652929194
428337 10003086 31485.834337948
450196 10003086 30947.0618307
472055 10003086 30353.626165099
493914 10003086 29686.355837653
515773 10003086 28922.725037034
537632 10003086 28022.469388278
559491 10003086 26946.506524104
581350 10003086 25699.200851504
603209 10003086 24295.082900785
625068 10003086 22844.814147266
646927 10003086 21475.54944606
668786 10003086 20355.732238134
690645 10003086 19557.579351299
712504 10003086 19050.712529851
734363 10003086 18766.952316741
756222 10003086 18606.776587875
778081 10003086 18486.648017527
799940 10003086 18364.329689316
821799 10003086 18237.294843764
843658 10003086 18180.204185055
865517 10003086 18199.122225223
887376 10003086 18285.377780656
909235 10003086 18343.664157978
931094 10003086 18263.168212143
952953 10003086 18021.058514918
974812 10003086 17740.05873574
996671 10003086 17536.713563315
1018530 10003086 17478.571370342
1040389 10003086 17547.755862536
1062248 10003086 17632.398304113
1084107 10003086 17625.261287292
1105966 10003086 17485.389892306
1127825 10003086 17223.606062903
1149684 10003086 16902.182802908
1171543 10003086 16603.935410474
1193402 10003086 16386.635032474
1215261 10003086 16274.029453338
1237120 10003086 16215.674574997
1258979 10003086 16192.439244303
1280838 10003086 16180.04297855
166029 10024840 33703.598851033
187888 10024840 33893.525091447
209747 10024840 34065.628463416
231606 10024840 34132.527210827
253465 10024840 34025.108995184
275324 10024840 33704.429171995
297183 10024840 33251.413142028
319042 10024840 32784.623057197
340901 10024840 32326.916426222
362760 10024840 31957.305899517
384619 10024840 31617.879188084
406478 10024840 31226.313457656
428337 10024840 30784.81734862
450196 10024840 30096.599431101
472055 10024840 29307.330633784
493914 10024840 28309.824788239
515773 10024840 27202.759390822
537632 10024840 25906.029570031
559491 10024840 24468.633493224
581350 10024840 23116.58817675
603209 10024840 21808.549214208
625068 10024840 20742.024909226
646927 10024840 19889.966756168
668786 10024840 19215.967932438
690645 10024840 18747.976987625
712504 10024840 18411.815047474
734363 10024840 18197.399091634
756222 10024840 18065.390679407
778081 10024840 17974.852296212
799940 10024840 17905.659282476
821799 10024840 17856.218556777
843658 10024840 17880.573511599
865517 10024840 17995.799200317
887376 10024840 18200.651330533
909235 10024840 18429.870259074
931094 10024840 18454.539537736
952953 10024840 18182.752534695
974812 10024840 17897.723557317
996671 10024840 17688.655927868
1018530 10024840 17665.150488129
1040389 10024840 17794.859472746
1062248 10024840 17889.563110229
1084107 10024840 17760.514786222
1105966 10024840 17483.220814053
1127825 10024840 17082.909196329
1149684 10024840 16684.878862337
1171543 10024840 16407.135400675
1193402 10024840 16219.318834953
1215261 10024840 16100.788494774
1237120 10024840 16034.35238059
1258979 10024840 16002.018575082
1280838 10024840 16005.724868607
166029 10046594 32861.437469284
187888 10046594 33155.211918277
209747 10046594 33311.306543964
231606 10046594 33396.146984758
253465 10046594 33302.762488829
275324 10046594 32909.035029826
297183 10046594 32354.509804347
319042 10046594 31866.460303143
340901 10046594 31298.827940908
362760 10046594 30948.055301834
384619 10046594 30590.900192672
406478 10046594 30069.902730409
428337 10046594 29623.860388811
450196 10046594 28578.088522047
472055 10046594 27670.928739524
493914 10046594 26328.593973635
515773 10046594 25110.87441667
537632 10046594 23618.017012652
559491 10046594 22040.022243369
581350 10046594 20830.164414941
603209 10046594 19663.118969973
625068 10046594 18993.794776977
646927 10046594 18529.891529185
668786 10046594 18153.589352978
690645 10046594 17911.45761492
712504 10046594 17665.004619351
734363 10046594 17499.73307422
756222 10046594 17393.502974705
778081 10046594 17334.97254696
799940 10046594 17307.013376472
821799 10046594 17293.024369696
843658 10046594 17356.573167437
865517 10046594 17514.977298256
887376 10046594 17786.097850264
909235 10046594 18154.081557217
931094 10046594 18314.044273738
952953 10046594 17947.364387647
974812 10046594 17699.654243675
996671 10046594 17467.233587578
1018530 10046594 17509.778568806
1040389 10046594 17752.600705544
1062248 10046594 17987.707004414
1084107 10046594 17751.838736204
1105966 10046594 17431.672725449
1127825 10046594 16905.17885336
1149684 10046594 16409.826510391
1171543 10046594 16170.68782117
1193402 10046594 16010.233217315
1215261 10046594 15888.419189575
1237120 10046594 15848.749150259
1258979 10046594 15800.830457407
1280838 10046594 15833.877737223
166029 10068348 32692.459576283
187888 10068348 32741.271837369
209747 10068348 32807.209656279
231606 10068348 32778.51727808
253465 10068348 32592.130149242
275324 10068348 32200.609630009
297183 10068348 31651.627483657
319042 10068348 31095.919239117
340901 10068348 30501.694095343
362760 10068348 29905.752121383
384619 10068348 29256.734519505
406478 10068348 28375.404865441
428337 10068348 27334.14209132
450196 10068348 26074.477580746
472055 10068348 24712.528613831
493914 10068348 23452.463102108
515773 10068348 22232.749253778
537632 10068348 21093.76022267
559491 10068348 20017.78210762
581350 10068348 19175.763095661
603209 10068348 18541.807462705
625068 10068348 18079.425487477
646927 10068348 17737.441558756
668786 10068348 17390.525083903
690645 10068348 17052.162712354
712504 10068348 16774.448232222
734363 10068348 16588.467899775
756222 10068348 16495.740851325
778081 10068348 16479.537488817
799940 10068348 16485.350721262
821799 10068348 16499.925750469
843658 10068348 16557.505524583
865517 10068348 16673.644828263
887376 10068348 16881.558187437
909235 10068348 17134.246076268
931094 10068348 17240.570569302
952953 10068348 17130.113159817
974812 10068348 16948.263736154
996671 10068348 16810.295425972
1018530 10068348 16887.645859869
1040389 10068348 17252.686214706
1062248 10068348 17528.985031788
1084107 10068348 17480.274842254
1105966 10068348 17209.241730063
1127825 10068348 16706.133801543
1149684 10068348 16229.83625694
1171543 10068348 15947.3869772
1193402 10068348 15757.841807917
1215261 10068348 15661.050948488
1237120 10068348 15601.582285377
1258979 10068348 15612.24747767
1280838 10068348 15669.189414365
166029 10090102 32492.130416697
187888 10090102 32418.172748232
209747 10090102 32387.451152721
231606 10090102 32259.212596277
253465 10090102 32022.044858899
275324 10090102 31650.216916766
297183 10090102 31029.8177674
319042 10090102 30454.536878086
340901 10090102 29687.905012664
362760 10090102 28767.215676562
384619 10090102 27810.089747524
406478 10090102 26422.523476819
428337 10090102 24948.705216202
450196 10090102 23465.35322153
472055 10090102 21805.147259972
493914 10090102 20779.850841313
515773 10090102 19680.791382881
537632 10090102 19008.944651269
559491 10090102 18363.707392333
581350 10090102 17954.035353196
603209 10090102 17738.472719291
625068 10090102 17443.953216187
646927 10090102 17163.871782631
668786 10090102 16751.111394042
690645 10090102 16250.66588174
712504 10090102 15878.842850654
734363 10090102 15637.824198262
756222 10090102 15535.404312388
778081 10090102 15559.708598555
799940 10090102 15595.396439004
821799 10090102 15620.611839458
843658 10090102 15668.891892169
865517 10090102 15724.884079224
887376 10090102 15859.693610164
909235 10090102 16045.259518797
931094 10090102 16160.423395274
952953 10090102 16246.307041621
974812 10090102 16148.689521179
996671 10090102 16055.54867652
1018530 10090102 16063.13393632
1040389 10090102 16574.280741083
1062248 10090102 16974.003170985
1084107 10090102 17011.070950903
1105966 10090102 16953.01218198
1127825 10090102 16490.715357021
1149684 10090102 16036.976439997
1171543 10090102 15860.988699673
1193402 10090102 15613.330723764
1215261 10090102 15596.956849377
1237120 10090102 15473.432586404
1258979 10090102 15578.85007913
1280838 10090102 15583.353594958
166029 10111856 32151.007786196
187888 10111856 32026.576984989
209747 10111856 31894.13914808
231606 10111856 31765.625250322
253465 10111856 31579.563393237
275324 10111856 31273.345316885
297183 10111856 30788.292928023
319042 10111856 29977.649248779
340901 10111856 28903.741765149
362760 10111856 27526.540860496
384619 10111856 25959.450358444
406478 10111856 24368.757033065
428337 10111856 22768.619347143
450196 10111856 21367.995253061
472055 10111856 20124.323767174
493914 10111856 19214.387181609
515773 10111856 18514.281974726
537632 10111856 17954.544308503
559491 10111856 17508.321686552
581350 10111856 17199.550587328
603209 10111856 17004.561799012
625068 10111856 16792.509880742
646927 10111856 16523.547443524
668786 10111856 16088.858679626
690645 10111856 15538.63026724
712504 10111856 15083.972900914
734363 10111856 14770.467602137
756222 10111856 14639.002772669
778081 10111856 14663.835244468
799940 10111856 14719.259609381
821799 10111856 14780.915765448
843658 10111856 14846.070272519
865517 10111856 14929.601663094
887376 10111856 15078.400562469
909235 10111856 15294.092626916
931094 10111856 15517.988992832
952953 10111856 15724.969783902
974812 10111856 15754.056193504
996671 10111856 15621.894026881
1018530 10111856 15604.960401105
1040389 10111856 15831.921162241
1062248 10111856 16092.681542744
1084107 10111856 16301.503557451
1105966 10111856 16382.535793029
1127825 10111856 16329.658944376
1149684 10111856 16206.381335161
1171543 10111856 16052.79636744
1193402 10111856 15922.578126489
1215261 10111856 15843.63547335
1237120 10111856 15809.555006693
1258979 10111856 15830.272700799
1280838 10111856 15882.909009542
166029 10133610 31789.23053741
187888 10133610 31584.482356991
209747 10133610 31351.777407122
231606 10133610 31238.005064387
253465 10133610 31096.712821817
275324 10133610 30809.851313852
297183 10133610 30516.66946872
319042 10133610 29403.180647647
340901 10133610 28158.421430702
362760 10133610 26379.641515026
384619 10133610 24325.805147285
406478 10133610 22731.206024786
428337 10133610 21012.883202134
450196 10133610 19919.123612001
472055 10133610 18944.832471803
493914 10133610 18298.577080164
515773 10133610 17862.449507902
537632 10133610 17376.400327718
559491 10133610 16974.271614239
581350 10133610 16661.102663854
603209 10133610 16429.108931307
625068 10133610 16209.861756042
646927 10133610 15974.547655024
668786 10133610 15524.910232719
690645 10133610 14916.889084586
712504 10133610 14445.557391629
734363 10133610 14066.396610848
756222 10133610 13924.616183363
778081 10133610 13961.054560462
799940 10133610 14027.682936926
821799 10133610 14114.987386186
843658 10133610 14201.398988727
865517 10133610 14313.695027784
887376 10133610 14483.233101644
909235 10133610 14761.009686746
931094 10133610 15051.15578149
952953 10133610 15391.891973331
974812 10133610 15534.748533375
996671 10133610 15306.468595198
1018530 10133610 15187.939417896
1040389 10133610 15242.823223522
1062248 10133610 15336.118766915
1084107 10133610 15684.571413938
1105966 10133610 15889.093187493
1127825 10133610 16179.811675624
1149684 10133610 16374.283556264
1171543 10133610 16253.283653045
1193402 10133610 16229.330881217
1215261 10133610 16123.97598982
1237120 10133610 16155.18861588
1258979 10133610 16115.161000541
1280838 10133610 16213.537650117
