0 0 18.324600000081
10000 0 27.560099967589
20000 0 31.934000089669
30000 0 26.878999917484
40000 0 16.446599730517
50000 0 13.799299999599
60000 0 27.600000013161
70000 0 46.068500000416
80000 0 56.776099946394
90000 0 52.395200044892
100000 0 39.576899873617
110000 0 28.334899937894
120000 0 27.385000147333
130000 0 31.253200066945
140000 0 33.559400075144
150000 0 33.511199909524
160000 0 32.630900000907
170000 0 34.354899954155
180000 0 38.63459999742
190000 0 43.828899936299
200000 0 48.605199912794
210000 0 51.881600030567
220000 0 51.192699937342
230000 0 46.292200005826
240000 0 39.506499958057
250000 0 27.587999997821
260000 0 18.415000044858
270000 0 21.990599960515
280000 0 33.624800011206
290000 0 39.594799945779
300000 0 34.485100029579
310000 0 25.890999991161
320000 0 20.656500009736
330000 0 22.010600118336
340000 0 28.739199964307
350000 0 37.492700098018
360000 0 41.906400009947
370000 0 38.931099980728
380000 0 37.044900007708
390000 0 38.228300000001
400000 0 37.738200011523
410000 0 35.754299949248
420000 0 37.0530000788
430000 0 39.815800058291
440000 0 39.294900002104
450000 0 40.898800073848
460000 0 46.455500043108
470000 0 50.907300056246
480000 0 49.320900057639
490000 0 42.774400034749
500000 0 33.804400011554
0 10000 33.308400000304
10000 10000 45.226600008911
20000 10000 50.532300022078
30000 10000 51.039600022234
40000 10000 31.722100001255
50000 10000 24.846699935523
60000 10000 47.955299893714
70000 10000 68.099399946002
80000 10000 81.476800077391
90000 10000 70.418900000285
100000 10000 48.266199988978
110000 10000 30.310000019487
120000 10000 27.940999869885
130000 10000 34.956899977838
140000 10000 39.771199913397
150000 10000 45.788399901056
160000 10000 49.693100004027
170000 10000 34.426099985788
180000 10000 29.884699914259
190000 10000 27.682799982511
200000 10000 29.320999994783
210000 10000 36.7131000452
220000 10000 37.634599927902
230000 10000 39.513799972893
240000 10000 36.182000065646
250000 10000 42.048900048288
260000 10000 39.951300003441
270000 10000 41.392000042539
280000 10000 45.499299776079
290000 10000 39.225800010238
300000 10000 35.342399912651
310000 10000 30.372699776339
320000 10000 30.009500004656
330000 10000 37.393599976559
340000 10000 56.854400089897
350000 10000 59.572700019511
360000 10000 56.548399891396
370000 10000 40.040300060358
380000 10000 23.781000084841
390000 10000 24.444199969706
400000 10000 32.194800014933
410000 10000 42.802600002792
420000 10000 61.543200008659
430000 10000 73.156799913351
440000 10000 72.764200160073
450000 10000 67.722599973098
460000 10000 64.617100005307
470000 10000 61.918499987604
480000 10000 56.547500018033
490000 10000 52.736200016671
500000 10000 45.633500046091
0 20000 46.256000039517
10000 20000 59.567699980224
20000 20000 74.483199986145
30000 20000 85.195599966743
40000 20000 68.102599787731
50000 20000 52.414299994745
60000 20000 67.108199999124
70000 20000 99.881200035849
80000 20000 111.02760005
90000 20000 97.6696000538
100000 20000 65.162900034686
110000 20000 47.063900013438
120000 20000 46.314000090163
130000 20000 52.379100081053
140000 20000 63.009700074951
150000 20000 80.558500115846
160000 20000 86.063800098664
170000 20000 66.308000045695
180000 20000 42.188200044895
190000 20000 32.507800031326
200000 20000 33.665300029914
210000 20000 41.823900028749
220000 20000 49.979400293496
230000 20000 49.93780017331
240000 20000 54.701500015203
250000 20000 76.336122618682
260000 20000 78.297500061823
270000 20000 78.071799992272
280000 20000 69.579900005573
290000 20000 62.196200127586
300000 20000 56.399600030523
310000 20000 52.989699969094
320000 20000 57.602700043805
330000 20000 78.024000059172
340000 20000 98.797999938295
350000 20000 97.58470004615
360000 20000 79.668899988484
370000 20000 52.278000089667
380000 20000 30.069499957299
390000 20000 27.187800030871
400000 20000 44.579499972348
410000 20000 75.530100135232
420000 20000 102.40089997446
430000 20000 116.76790005639
440000 20000 114.18809996684
450000 20000 99.68700017413
460000 20000 85.421900020489
470000 20000 73.705000035388
480000 20000 62.849200014535
490000 20000 56.469100015711
500000 20000 53.746200128227
0 30000 54.871099999902
10000 30000 75.154599951333
20000 30000 97.940799999837
30000 30000 126.73949999492
40000 30000 130.12360000345
50000 30000 119.09219999405
60000 30000 125.20349994294
70000 30000 149.18469984865
80000 30000 146.78339999451
90000 30000 149.75409981326
100000 30000 132.39070006504
110000 30000 112.98539988148
120000 30000 100.87569975192
130000 30000 99.302999863401
140000 30000 120.76919988277
150000 30000 145.40050001832
160000 30000 149.62230002275
170000 30000 126.82799997619
180000 30000 96.132700028836
190000 30000 79.668699773434
200000 30000 76.428499984939
210000 30000 84.063499969663
220000 30000 100.55629966525
230000 30000 116.35529997461
240000 30000 133.42049981534
250000 30000 152.13740929409
260000 30000 149.79500003327
270000 30000 145.73979984442
280000 30000 137.485999979
290000 30000 131.15379979341
300000 30000 128.31029997748
310000 30000 119.20529996639
320000 30000 126.43849990889
330000 30000 152.6219000466
340000 30000 162.76470040071
350000 30000 148.68930007022
360000 30000 118.61899998198
370000 30000 82.790399891179
380000 30000 62.289400103423
390000 30000 63.565599992242
400000 30000 95.864100005464
410000 30000 138.23639974324
420000 30000 174.48710002036
430000 30000 183.86579993426
440000 30000 172.01700004634
450000 30000 140.54510000258
460000 30000 110.7996998659
470000 30000 85.23520006599
480000 30000 67.02949999454
490000 30000 57.003899986556
500000 30000 54.917000051839
0 40000 55.182799960632
10000 40000 77.154699934646
20000 40000 105.17949999357
30000 40000 157.20829987502
40000 40000 225.26050001849
50000 40000 232.03810004229
60000 40000 251.3339999937
70000 40000 227.55669982885
80000 40000 160.16239994352
90000 40000 222.33409995569
100000 40000 241.29389994644
110000 40000 219.89209990372
120000 40000 194.29309984178
130000 40000 186.88859998012
140000 40000 211.35209977142
150000 40000 226.05819990987
160000 40000 233.60659985446
170000 40000 204.50469993695
180000 40000 186.15879992383
190000 40000 168.30019984953
200000 40000 159.58599991694
210000 40000 169.95989971802
220000 40000 198.19579970917
230000 40000 232.4530002285
240000 40000 258.92169995336
250000 40000 253.44366550037
260000 40000 248.97079987678
270000 40000 231.05619973875
280000 40000 227.18700017979
290000 40000 228.09569986763
300000 40000 235.10219995969
310000 40000 239.13990003605
320000 40000 243.42129993934
330000 40000 245.05700638612
340000 40000 236.10172520825
350000 40000 214.4158000814
360000 40000 170.00230015173
370000 40000 134.7458665158
380000 40000 121.22054462852
390000 40000 131.39200008767
400000 40000 171.63799992668
410000 40000 234.46299983236
420000 40000 272.99940003119
430000 40000 279.66350003364
440000 40000 242.80999999114
450000 40000 190.95890001892
460000 40000 139.40449999837
470000 40000 98.097899936904
480000 40000 66.163000022083
490000 40000 51.548499987777
500000 40000 52.719200003572
0 50000 47.015199997464
10000 50000 63.547599875921
20000 50000 99.267899895262
30000 50000 173.92640009368
40000 50000 275.25730002248
50000 50000 350.54740007112
60000 50000 348.6308000679
70000 50000 263.16499990922
80000 50000 202.37190025158
90000 50000 238.66000008486
100000 50000 309.14439998054
110000 50000 325.81899998172
120000 50000 302.04000011682
130000 50000 284.1731999743
140000 50000 297.83699964463
150000 50000 313.01569999251
160000 50000 307.88890027267
170000 50000 291.85979999857
180000 50000 279.75249976997
190000 50000 266.8341000767
200000 50000 259.34419978141
210000 50000 274.10980034001
220000 50000 319.52310008702
230000 50000 364.14309973294
240000 50000 355.4425999277
250000 50000 329.52979970624
260000 50000 311.55470002329
270000 50000 295.7729000056
280000 50000 291.57709982846
290000 50000 310.71889976567
300000 50000 331.30070017959
310000 50000 337.8949001224
320000 50000 343.37520002642
330000 50000 341.53089996313
340000 50000 314.42402842705
350000 50000 280.59259977119
360000 50000 234.10474623903
370000 50000 194.05819998188
380000 50000 193.20960002065
390000 50000 216.02430004232
400000 50000 257.0344999658
410000 50000 320.64819984567
420000 50000 363.79109961387
430000 50000 358.18429981045
440000 50000 308.45639999199
450000 50000 249.225200061
460000 50000 184.60589999519
470000 50000 118.9785000937
480000 50000 73.495600044228
490000 50000 54.957299874023
500000 50000 50.832300026948
0 60000 34.44730024696
10000 60000 48.29059999992
20000 60000 89.963999945321
30000 60000 179.12909981558
40000 60000 315.72369990397
50000 60000 429.11669960203
60000 60000 476.50309971386
70000 60000 402.82209976994
80000 60000 328.84919990609
90000 60000 349.11680005883
100000 60000 366.65069991772
110000 60000 331.62380007758
120000 60000 323.24889980526
130000 60000 366.87079961416
140000 60000 368.91270004849
150000 60000 366.36159969782
160000 60000 356.69580017751
170000 60000 335.02519986593
180000 60000 332.99490018827
190000 60000 329.23019979602
200000 60000 330.90799996857
210000 60000 377.20010002469
220000 60000 396.69250005461
230000 60000 421.9259001551
240000 60000 393.62049985413
250000 60000 303.89070057168
260000 60000 278.7363995089
270000 60000 269.93790019518
280000 60000 282.34889980861
290000 60000 357.18850000896
300000 60000 380.68287514195
310000 60000 391.2704997503
320000 60000 389.55380010617
330000 60000 399.71380041611
340000 60000 394.17809998992
350000 60000 366.17330093583
360000 60000 315.97630049727
370000 60000 285.50669963801
380000 60000 289.90720003061
390000 60000 312.3869000121
400000 60000 320.53849972526
410000 60000 347.21435337679
420000 60000 375.76994538815
430000 60000 382.62429993899
440000 60000 342.31429973409
450000 60000 327.37279994829
460000 60000 248.00930001345
470000 60000 156.93099997688
480000 60000 90.112600174833
490000 60000 61.769699850285
500000 60000 51.505199921775
0 70000 25.715700143178
10000 70000 25.988099805254
20000 70000 70.230000086332
30000 70000 172.57339995322
40000 70000 331.79890157866
50000 70000 487.06319997258
60000 70000 569.29669997196
70000 70000 583.08759971406
80000 70000 502.04719994225
90000 70000 471.7983999983
100000 70000 343.92010004397
110000 70000 319.28260011057
120000 70000 404.13299953979
130000 70000 492.96020005252
140000 70000 505.05229990697
150000 70000 452.91119973765
160000 70000 411.96449967548
170000 70000 392.46010018962
180000 70000 385.55029971609
190000 70000 392.24549975985
200000 70000 440.63719991452
210000 70000 496.09299960495
220000 70000 519.12070009339
230000 70000 498.21309983023
240000 70000 456.76680015595
250000 70000 317.60659944848
260000 70000 245.33420016728
270000 70000 248.06940053322
280000 70000 361.50650015467
290000 70000 438.37621394866
300000 70000 448.00717819355
310000 70000 412.35408473666
320000 70000 385.08829934656
330000 70000 475.3008001536
340000 70000 486.85089987589
350000 70000 477.66830046865
360000 70000 441.28530054212
370000 70000 415.16689982385
380000 70000 421.78629995983
390000 70000 444.45499960967
400000 70000 428.22200017043
410000 70000 376.38350030827
420000 70000 397.90339466631
430000 70000 428.02784917125
440000 70000 442.37469997347
450000 70000 427.10920015054
460000 70000 324.10589993779
470000 70000 183.1858000943
480000 70000 100.10749999261
490000 70000 66.695800136262
500000 70000 53.234999985311
0 80000 20.089400101246
10000 80000 16.0396000006
20000 80000 49.235200118295
30000 80000 156.59110003165
40000 80000 331.36645150443
50000 80000 503.1368996168
60000 80000 614.18170001506
70000 80000 665.65319994171
80000 80000 631.90390044924
90000 80000 497.43769977545
100000 80000 397.45570079172
110000 80000 462.43389998461
120000 80000 600.4326005073
130000 80000 713.6108999457
140000 80000 723.50950008982
150000 80000 651.95300020961
160000 80000 554.82529944806
170000 80000 513.85479987822
180000 80000 521.25289999572
190000 80000 545.38370034331
200000 80000 593.42590006871
210000 80000 642.30620022011
220000 80000 669.09420056256
230000 80000 656.32230054454
240000 80000 591.29429956275
250000 80000 476.77499955794
260000 80000 398.64289932781
270000 80000 441.39170009505
280000 80000 560.096800116
290000 80000 638.07130017205
300000 80000 609.93385298462
310000 80000 495.53359993872
320000 80000 492.3423998034
330000 80000 568.15319982329
340000 80000 640.50429946637
350000 80000 652.13372761158
360000 80000 626.94537790375
370000 80000 604.62226825064
380000 80000 602.4541759059
390000 80000 609.97570571247
400000 80000 585.13569996274
410000 80000 498.34159983658
420000 80000 441.92000004253
430000 80000 495.92121513982
440000 80000 549.63220015477
450000 80000 509.70660008967
460000 80000 361.60730000633
470000 80000 199.69309993869
480000 80000 98.372200017106
490000 80000 60.243099719378
500000 80000 52.539800009062
0 90000 16.976299990362
10000 90000 3.0359998843051
20000 90000 32.99350035756
30000 90000 133.74430001254
40000 90000 320.2495221968
50000 90000 499.91389999399
60000 90000 582.56759997811
70000 90000 639.74229997819
80000 90000 665.34619986047
90000 90000 560.13800023509
100000 90000 588.71280015873
110000 90000 735.36760018492
120000 90000 927.01759983543
130000 90000 1040.9332000615
140000 90000 1033.104900013
150000 90000 916.91970003919
160000 90000 813.89520006161
170000 90000 779.19330034719
180000 90000 781.19159940204
190000 90000 774.79279933964
200000 90000 783.5532000199
210000 90000 817.63199966157
220000 90000 840.8281999523
230000 90000 841.22439953263
240000 90000 864.20509988807
250000 90000 776.39350010378
260000 90000 794.10990091983
270000 90000 820.25249969551
280000 90000 939.76740012716
290000 90000 987.67310012582
300000 90000 895.66870062628
310000 90000 804.39809934371
320000 90000 745.18579941842
330000 90000 816.66359976422
340000 90000 891.93840010084
350000 90000 862.58534171882
360000 90000 809.52991515628
370000 90000 774.32991540003
380000 90000 768.39932522885
390000 90000 784.79092706933
400000 90000 786.75760000974
410000 90000 651.84229988712
420000 90000 570.08010088454
430000 90000 567.89100080414
440000 90000 617.47440027511
450000 90000 577.36040035955
460000 90000 391.03069972372
470000 90000 198.38250030486
480000 90000 87.016599666522
490000 90000 47.306599895217
500000 90000 49.097799986696
0 100000 17.488399990487
10000 100000 0.75920020445483
20000 100000 11.562300056933
30000 100000 109.17700041771
40000 100000 307.8483002361
50000 100000 486.5285999184
60000 100000 580.70409989867
70000 100000 594.42690004947
80000 100000 644.41839956748
90000 100000 695.70989985093
100000 100000 842.74189954091
110000 100000 1033.688900343
120000 100000 1232.259699769
130000 100000 1340.3107997885
140000 100000 1290.8110005749
150000 100000 1153.1953001027
160000 100000 1063.4411999247
170000 100000 1047.8574998886
180000 100000 1092.3228997708
190000 100000 1078.2045006253
200000 100000 1005.9103996307
210000 100000 993.37939970372
220000 100000 1012.4386998562
230000 100000 1100.1759000766
240000 100000 1140.7492991529
250000 100000 1156.1570000267
260000 100000 1219.7948001817
270000 100000 1270.195800216
280000 100000 1310.1240998128
290000 100000 1350.5126002945
300000 100000 1235.7075003944
310000 100000 1113.2017000758
320000 100000 1053.3036998192
330000 100000 1090.6025994602
340000 100000 1158.1125998559
350000 100000 1038.6720790457
360000 100000 955.45063943465
370000 100000 906.96199530837
380000 100000 889.40589231531
390000 100000 906.54495169501
400000 100000 956.35050029164
410000 100000 794.06089997722
420000 100000 682.44360089502
430000 100000 659.0267999398
440000 100000 673.58609962338
450000 100000 627.97559996938
460000 100000 412.76099994633
470000 100000 189.33349985982
480000 100000 48.865200102138
490000 100000 28.338100024217
500000 100000 44.018899997797
0 110000 23.749000044159
10000 110000 -6.1680000694821
20000 110000 9.8400999943279
30000 110000 103.82370008309
40000 110000 279.0615400197
50000 110000 456.46220008384
60000 110000 552.34000037918
70000 110000 572.26349981608
80000 110000 634.97060037628
90000 110000 829.27249910515
100000 110000 1055.7915000615
110000 110000 1271.595599762
120000 110000 1434.1960997836
130000 110000 1460.0452001753
140000 110000 1411.8590998028
150000 110000 1292.6870991907
160000 110000 1223.1775980215
170000 110000 1245.5189006708
180000 110000 1304.3140000036
190000 110000 1287.8248991534
200000 110000 1197.1278011924
210000 110000 1132.9299009357
220000 110000 1152.9729000064
230000 110000 1255.3647013633
240000 110000 1306.5051001404
250000 110000 1328.5986995526
260000 110000 1369.0637997903
270000 110000 1406.1766008986
280000 110000 1466.0094997779
290000 110000 1508.3210995514
300000 110000 1475.0715996277
310000 110000 1343.6642769197
320000 110000 1246.099909102
330000 110000 1203.2710698553
340000 110000 1185.0621322238
350000 110000 1119.0353726779
360000 110000 1043.2444231268
370000 110000 987.34116891009
380000 110000 952.4217699097
390000 110000 929.14587614044
400000 110000 887.68869885828
410000 110000 782.56219559832
420000 110000 688.49911054542
430000 110000 656.07969958292
440000 110000 666.85930008167
450000 110000 583.27276553353
460000 110000 408.13600298979
470000 110000 201.0868811478
480000 110000 34.592299669914
490000 110000 14.138599894361
500000 110000 38.847899979155
0 120000 37.389299996682
10000 120000 6.4506999850798
20000 120000 17.80580013244
30000 120000 102.64809997432
40000 120000 250.87619993049
50000 120000 404.88879953907
60000 120000 476.85470028499
70000 120000 519.18380019129
80000 120000 571.20720058514
90000 120000 922.54849972466
100000 120000 1212.371400087
110000 120000 1424.7469001038
120000 120000 1512.5556002614
130000 120000 1312.9695989076
140000 120000 1257.060237252
150000 120000 1214.3197192389
160000 120000 1223.2569000133
170000 120000 1294.3438999403
180000 120000 1360.2109001471
190000 120000 1358.3191002031
200000 120000 1282.4228004412
210000 120000 1193.8795001241
220000 120000 1166.633400343
230000 120000 1193.2127997632
240000 120000 1248.5739994262
250000 120000 1269.338499312
260000 120000 1274.9940999973
270000 120000 1317.8263006452
280000 120000 1359.7512712474
290000 120000 1392.2870262337
300000 120000 1448.8966999499
310000 120000 1419.7827001635
320000 120000 1294.2636849125
330000 120000 1213.7813763481
340000 120000 1182.8329963391
350000 120000 1137.2910336285
360000 120000 1083.3799056714
370000 120000 1030.5036849699
380000 120000 974.0722686324
390000 120000 912.30838747016
400000 120000 831.83165253285
410000 120000 724.96349938366
420000 120000 618.33884367313
430000 120000 551.58039952331
440000 120000 629.3016003826
450000 120000 567.19243386749
460000 120000 407.7698888033
470000 120000 211.41057266963
480000 120000 52.260300046392
490000 120000 9.3100002117352
500000 120000 41.492599924442
0 130000 48.905499987645
10000 130000 14.252399882093
20000 130000 19.623199846185
30000 130000 101.06639997045
40000 130000 247.59410013537
50000 130000 383.64850012117
60000 130000 436.85029994327
70000 130000 428.02980009183
80000 130000 517.12259932863
90000 130000 859.43880008436
100000 130000 1262.1719994211
110000 130000 1448.5135994562
120000 130000 1335.9122993982
130000 130000 1131.6828994937
140000 130000 1059.6583901364
150000 130000 1042.2734989369
160000 130000 1092.4812009903
170000 130000 1186.2556000313
180000 130000 1281.057298692
190000 130000 1310.3827998102
200000 130000 1265.6809000724
210000 130000 1188.3912004132
220000 130000 1129.1898997391
230000 130000 1094.5176000148
240000 130000 1095.4050998019
250000 130000 1103.5312010479
260000 130000 1118.2461998971
270000 130000 1175.2478197439
280000 130000 1188.8004334632
290000 130000 1151.2667994282
300000 130000 1189.5064032969
310000 130000 1269.3277992255
320000 130000 1202.6634288294
330000 130000 1180.6754276903
340000 130000 1163.7107559623
350000 130000 1140.7194054918
360000 130000 1093.8865428467
370000 130000 1040.0622247499
380000 130000 981.60360229666
390000 130000 894.27876443657
400000 130000 785.14032927231
410000 130000 665.09738241212
420000 130000 543.95066378593
430000 130000 501.48759945477
440000 130000 640.36969960056
450000 130000 589.79315635618
460000 130000 424.28770756502
470000 130000 218.4357807843
480000 130000 49.675699954649
490000 130000 15.955099715728
500000 130000 45.604599839172
0 140000 50.783100118398
10000 140000 17.344799938317
20000 140000 25.748899890159
30000 140000 116.40439988864
40000 140000 275.4351999869
50000 140000 423.57599991783
60000 140000 451.02669991311
70000 140000 432.10009984475
80000 140000 503.66549991393
90000 140000 868.93010012277
100000 140000 1234.4688996689
110000 140000 1425.5989999984
120000 140000 1348.9735996526
130000 140000 1123.3939994097
140000 140000 926.74340010125
150000 140000 876.8739997476
160000 140000 919.92249962747
170000 140000 1001.9329999177
180000 140000 1091.9395003379
190000 140000 1182.2008994654
200000 140000 1184.071899966
210000 140000 1149.827199908
220000 140000 1060.5627001794
230000 140000 1004.7825995091
240000 140000 954.17939987642
250000 140000 1006.0517006475
260000 140000 1045.3230003317
270000 140000 1110.3068538106
280000 140000 1118.10697169
290000 140000 1039.0605998744
300000 140000 892.92390245978
310000 140000 977.20320000937
320000 140000 1046.7802121363
330000 140000 1116.3530894184
340000 140000 1153.0290612683
350000 140000 1155.0390074413
360000 140000 1125.729284335
370000 140000 1076.2973103421
380000 140000 1001.8807481405
390000 140000 899.29037837297
400000 140000 781.77909564249
410000 140000 640.74984356082
420000 140000 495.16430037071
430000 140000 471.40389972072
440000 140000 617.98950073743
450000 140000 651.37580066708
460000 140000 438.63837396553
470000 140000 215.31246899142
480000 140000 41.503600041416
490000 140000 5.2079000649392
500000 140000 43.804700005343
0 150000 47.037199976624
10000 150000 7.1124000398475
20000 150000 27.66779994002
30000 150000 134.65349991042
40000 150000 319.8936004064
50000 150000 515.5688000314
60000 150000 513.43930008143
70000 150000 422.43359985768
80000 150000 486.73690004444
90000 150000 815.75009974779
100000 150000 1207.2557004534
110000 150000 1425.3446996772
120000 150000 1370.3562993499
130000 150000 1255.5275997184
140000 150000 1118.0456991365
150000 150000 949.95140080035
160000 150000 948.11469999281
170000 150000 1001.5608018659
180000 150000 919.14750014778
190000 150000 1010.1406002743
200000 150000 1231.2788989947
210000 150000 1216.2301990201
220000 150000 1146.7872003566
230000 150000 962.53310080512
240000 150000 908.50469597827
250000 150000 1075.9282989842
260000 150000 1170.9017998439
270000 150000 1228.8322006155
280000 150000 1252.8403768373
290000 150000 1148.3865005015
300000 150000 932.69969925923
310000 150000 787.1995025866
320000 150000 1017.3779878508
330000 150000 1157.7183257574
340000 150000 1224.1724139663
350000 150000 1241.6261206006
360000 150000 1220.1808881655
370000 150000 1162.0498835869
380000 150000 1075.2626083731
390000 150000 957.87034642632
400000 150000 835.29573346807
410000 150000 701.80645287796
420000 150000 584.3487009825
430000 150000 529.76429944009
440000 150000 615.58229920261
450000 150000 589.86793372937
460000 150000 424.39102473706
470000 150000 200.24851882391
480000 150000 9.4507003061986
490000 150000 2.3146001636675
500000 150000 38.005400077883
0 160000 42.408300013813
10000 160000 3.2951999828335
20000 160000 17.890400093343
30000 160000 136.64669997925
40000 160000 382.55139996722
50000 160000 557.25189972643
60000 160000 511.68590027715
70000 160000 397.39529975852
80000 160000 476.16740009099
90000 160000 835.66879967577
100000 160000 1224.1849011562
110000 160000 1445.8307000074
120000 160000 1451.3024990845
130000 160000 1410.7192987247
140000 160000 1461.9909998038
150000 160000 1440.1822988517
160000 160000 1416.0153991742
170000 160000 1318.371596444
180000 160000 1223.0124997189
190000 160000 1293.6497005225
200000 160000 1483.7938976232
210000 160000 1564.0821998971
220000 160000 1445.1826015824
230000 160000 1258.816599873
240000 160000 1215.0135989582
250000 160000 1380.192999358
260000 160000 1584.1195011798
270000 160000 1668.5613017958
280000 160000 1659.3842010902
290000 160000 1537.668498675
300000 160000 1327.489901644
310000 160000 1172.1223005889
320000 160000 1285.961734506
330000 160000 1359.2455137666
340000 160000 1413.8027380778
350000 160000 1396.3091851068
360000 160000 1327.722705761
370000 160000 1257.8737548593
380000 160000 1145.1284428588
390000 160000 1023.2191389941
400000 160000 890.5264069361
410000 160000 764.29493499368
420000 160000 667.55997981708
430000 160000 575.57329902136
440000 160000 651.94840143846
450000 160000 594.52228550714
460000 160000 426.61191738831
470000 160000 196.21414431535
480000 160000 2.4716008738544
490000 160000 -14.944199895054
500000 160000 33.946299335491
0 170000 40.501699954204
10000 170000 -3.8485999634851
20000 170000 10.45999996222
30000 170000 114.61429991272
40000 170000 279.62099982306
50000 170000 479.939900329
60000 170000 508.62349993208
70000 170000 477.00879997752
80000 170000 533.36479979448
90000 170000 910.57589991318
100000 170000 1271.0934994573
110000 170000 1475.4082999343
120000 170000 1491.7479993352
130000 170000 1410.3227006175
140000 170000 1970.263097618
150000 170000 2444.0467999978
160000 170000 2464.9556999912
170000 170000 2303.0400988267
180000 170000 2161.3391994869
190000 170000 2172.9750995111
200000 170000 2243.6550991974
210000 170000 2268.4855987652
220000 170000 2151.9789998174
230000 170000 2026.1610986067
240000 170000 1969.0635012985
250000 170000 2162.8110975329
260000 170000 2357.8598004796
270000 170000 2375.394199235
280000 170000 2335.8179992306
290000 170000 2210.5508999153
300000 170000 2017.1285003266
310000 170000 1827.393183165
320000 170000 1743.6217906679
330000 170000 1694.3411762803
340000 170000 1643.4635350305
350000 170000 1536.1713275276
360000 170000 1444.304532877
370000 170000 1325.211240295
380000 170000 1203.6810060934
390000 170000 1084.6177113328
400000 170000 966.97634616659
410000 170000 815.03014165499
420000 170000 722.31677905446
430000 170000 682.8602945639
440000 170000 643.9022000428
450000 170000 645.95580028353
460000 170000 463.00609976799
470000 170000 195.43389999606
480000 170000 66.849345138752
490000 170000 26.811110041342
500000 170000 38.126899925036
0 180000 42.583600016271
10000 180000 0.010899918933887
20000 180000 -1.6483997239394
30000 180000 102.90819969142
40000 180000 269.67522204474
50000 180000 408.46629994158
60000 180000 467.45350062644
70000 180000 488.53179988935
80000 180000 621.79329992122
90000 180000 981.48139949415
100000 180000 1366.0771999461
110000 180000 1485.880900255
120000 180000 1347.4681998725
130000 180000 1328.0111998966
140000 180000 1980.7698011633
150000 180000 3017.2353992329
160000 180000 3545.8011985084
170000 180000 3455.0191984958
180000 180000 3190.1773006949
190000 180000 3049.204534794
200000 180000 3059.3730991403
210000 180000 3132.1052962019
220000 180000 3091.0717998741
230000 180000 2951.3600976398
240000 180000 2946.814400347
250000 180000 3112.5743625478
260000 180000 3324.9069999434
270000 180000 3337.9006991111
280000 180000 3181.0738990247
290000 180000 3042.5766028093
300000 180000 2741.8152475131
310000 180000 2475.3622476837
320000 180000 2253.0549221524
330000 180000 2099.0332030781
340000 180000 1905.8155253482
350000 180000 1738.918338267
360000 180000 1598.4678309109
370000 180000 1429.895246757
380000 180000 1291.2105941295
390000 180000 1153.6419368801
400000 180000 1033.1882382411
410000 180000 915.42544697424
420000 180000 791.99792147883
430000 180000 768.27810393922
440000 180000 694.93177831027
450000 180000 633.28580001647
460000 180000 441.90680006017
470000 180000 226.29889990841
480000 180000 107.36218791678
490000 180000 58.73000206749
500000 180000 46.885399960929
0 190000 48.62560003101
10000 190000 15.776999991155
20000 190000 24.188799967285
30000 190000 140.63839987015
40000 190000 301.01478821284
50000 190000 432.85779945528
60000 190000 487.40559989507
70000 190000 522.15439943845
80000 190000 669.55579965129
90000 190000 985.05610019317
100000 190000 1348.8700993909
110000 190000 1369.1466999584
120000 190000 1162.2513015768
130000 190000 1294.7519989993
140000 190000 2047.4283996639
150000 190000 3168.7465000978
160000 190000 3854.404701191
170000 190000 3971.2293984028
180000 190000 3766.9099976255
190000 190000 3680.6280952413
200000 190000 3717.9233986585
210000 190000 3956.0803003039
220000 190000 3996.705998177
230000 190000 3925.7573002895
240000 190000 3894.7931999953
250000 190000 4034.8678921207
260000 190000 4232.1334022048
270000 190000 4232.7875973052
280000 190000 4060.4868005243
290000 190000 3779.821273852
300000 190000 3419.8232216074
310000 190000 3056.9323297605
320000 190000 2739.8702686193
330000 190000 2466.5507268387
340000 190000 2231.8667297817
350000 190000 1975.9445221326
360000 190000 1775.5985782677
370000 190000 1582.4026796083
380000 190000 1415.5345471608
390000 190000 1274.9434442898
400000 190000 1144.5364034165
410000 190000 1018.296326103
420000 190000 864.89336687491
430000 190000 769.83562771077
440000 190000 708.18825002618
450000 190000 587.66990015612
460000 190000 446.37999939071
470000 190000 228.34420014357
480000 190000 123.19056069408
490000 190000 71.47013538594
500000 190000 50.378000473311
0 200000 53.604100035697
10000 200000 21.302000229366
20000 200000 53.713099917304
30000 200000 178.27419993621
40000 200000 366.77420770417
50000 200000 524.28430047695
60000 200000 564.24040018897
70000 200000 579.69370042164
80000 200000 686.25190024283
90000 200000 1020.0551995775
100000 200000 1250.9503993485
110000 200000 1248.4392996959
120000 200000 1146.677899843
130000 200000 1233.3296002298
140000 200000 2067.0004031795
150000 200000 2996.0818001144
160000 200000 3694.5325980809
170000 200000 3690.9368985217
180000 200000 3656.0132975995
190000 200000 3747.6672983599
200000 200000 4164.3227993364
210000 200000 4773.837597221
220000 200000 4901.2122966896
230000 200000 4812.4245967135
240000 200000 4689.3083997073
250000 200000 4801.08587201
260000 200000 4964.699904155
270000 200000 4961.703101751
280000 200000 4828.9909022219
290000 200000 4457.0826689281
300000 200000 4012.9239338325
310000 200000 3560.4215032471
320000 200000 3154.9111752156
330000 200000 2808.6474643811
340000 200000 2490.0319401088
350000 200000 2220.0171595449
360000 200000 1982.579282463
370000 200000 1771.2790498377
380000 200000 1569.681600764
390000 200000 1390.57022845
400000 200000 1228.1350860234
410000 200000 1089.5448820185
420000 200000 934.16636510009
430000 200000 799.03775064927
440000 200000 696.14509659689
450000 200000 534.79720007683
460000 200000 394.97020019549
470000 200000 223.03769995645
480000 200000 118.52835474406
490000 200000 64.693619469568
500000 200000 36.745400130271
0 210000 54.233099890077
10000 210000 32.691000053238
20000 210000 63.416200218984
30000 210000 200.6412002871
40000 210000 433.91829964687
50000 210000 612.13190043867
60000 210000 620.87749979524
70000 210000 582.73819985961
80000 210000 695.48840007833
90000 210000 1004.0073998526
100000 210000 1254.6893000404
110000 210000 1209.189200108
120000 210000 998.75589951886
130000 210000 1107.591999131
140000 210000 1825.6156001528
150000 210000 2750.9979000747
160000 210000 3393.185499348
170000 210000 3466.0753999029
180000 210000 3438.3026001894
190000 210000 3876.0808995244
200000 210000 4785.3656987399
210000 210000 5499.5446007465
220000 210000 5613.4612993756
230000 210000 5400.5103980363
240000 210000 5231.72409434
250000 210000 5337.0543978132
260000 210000 5510.7482998244
270000 210000 5548.767005185
280000 210000 5417.2101990417
290000 210000 4998.7832179576
300000 210000 4479.0568424222
310000 210000 3945.5441985315
320000 210000 3492.402480644
330000 210000 3099.6072554305
340000 210000 2748.1110704768
350000 210000 2414.5432414287
360000 210000 2152.4966538342
370000 210000 1933.1135349413
380000 210000 1712.3549346741
390000 210000 1510.7862907235
400000 210000 1334.7221268219
410000 210000 1160.0518425907
420000 210000 993.99993869561
430000 210000 832.89448613635
440000 210000 670.03508786702
450000 210000 503.77610026623
460000 210000 360.48130030673
470000 210000 187.99649983985
480000 210000 96.38567171236
490000 210000 47.32888916626
500000 210000 17.498400126617
0 220000 48.326800099173
10000 220000 21.294400176159
20000 220000 60.316399990139
30000 220000 195.69349996312
40000 220000 411.08690007678
50000 220000 622.89000033581
60000 220000 630.70270027026
70000 220000 595.27639992028
80000 220000 679.34239975666
90000 220000 1014.1419012015
100000 220000 1293.8183005677
110000 220000 1244.4152999768
120000 220000 1045.0203006405
130000 220000 1035.9147998075
140000 220000 1764.8388001058
150000 220000 2553.407699845
160000 220000 3205.6172996645
170000 220000 3300.5396008413
180000 220000 3450.8755977843
190000 220000 3994.1356981109
200000 220000 5007.9922953975
210000 220000 5922.6556044261
220000 220000 5938.7838003208
230000 220000 5709.4703018958
240000 220000 5440.4192044207
250000 220000 5504.8383576703
260000 220000 5709.4964983741
270000 220000 5868.8118015688
280000 220000 5758.0772984297
290000 220000 5325.0015455519
300000 220000 4760.0607380886
310000 220000 4184.4441187666
320000 220000 3726.0941022074
330000 220000 3252.5284159523
340000 220000 2875.6552390664
350000 220000 2536.421629341
360000 220000 2277.9672541022
370000 220000 2032.5709484983
380000 220000 1785.3416941915
390000 220000 1574.5226430269
400000 220000 1395.8275739009
410000 220000 1204.8449945308
420000 220000 1049.4631159581
430000 220000 885.41559663995
440000 220000 705.92620942589
450000 220000 530.85279994681
460000 220000 346.89060021003
470000 220000 155.08550043518
480000 220000 70.983142327219
490000 220000 32.793247875364
500000 220000 10.532000145733
0 230000 36.93420005931
10000 230000 8.2433001010083
20000 230000 20.452299954434
30000 230000 158.110799847
40000 230000 390.38094413644
50000 230000 591.36060015024
60000 230000 594.57070018741
70000 230000 526.68689959239
80000 230000 608.51690027753
90000 230000 972.72620081987
100000 230000 1337.5774998789
110000 230000 1374.4697988459
120000 230000 1046.7248989118
130000 230000 1063.6306000113
140000 230000 1649.3806983893
150000 230000 2558.0617993654
160000 230000 3214.4759008438
170000 230000 3450.3484002126
180000 230000 3522.7775985853
190000 230000 4026.7898970495
200000 230000 5089.0445995918
210000 230000 5898.8332987542
220000 230000 5969.9712975523
230000 230000 5608.1632994837
240000 230000 5317.4758972828
250000 230000 5359.3199299334
260000 230000 5538.1309681791
270000 230000 5756.6977079953
280000 230000 5815.5346020174
290000 230000 5397.5684324878
300000 230000 4844.0756214546
310000 230000 4275.3713908235
320000 230000 3852.7231428217
330000 230000 3391.4605318657
340000 230000 2978.068464729
350000 230000 2638.3858073701
360000 230000 2315.3746490119
370000 230000 2045.1177735559
380000 230000 1826.1861804312
390000 230000 1659.8173464171
400000 230000 1471.0787236261
410000 230000 1311.6005243795
420000 230000 1114.7515664798
430000 230000 912.80666273682
440000 230000 710.42865574871
450000 230000 612.18689970317
460000 230000 370.72790012155
470000 230000 132.32790008491
480000 230000 53.839018787942
490000 230000 27.036535986635
500000 230000 17.479499912913
0 240000 23.101500034926
10000 240000 -23.299400158768
20000 240000 -11.250999959666
30000 240000 127.68890019071
40000 240000 372.7600909064
50000 240000 562.04650013193
60000 240000 582.69990027652
70000 240000 490.74910013115
80000 240000 510.97870035438
90000 240000 865.60009988601
100000 240000 1281.5681997702
110000 240000 1369.861999917
120000 240000 1093.1427993489
130000 240000 1061.3035999025
140000 240000 1714.7433003231
150000 240000 2704.4903007642
160000 240000 3388.1023985936
170000 240000 3498.0994985581
180000 240000 3561.0507003636
190000 240000 3811.8833018488
200000 240000 4646.6712988554
210000 240000 5422.8022991191
220000 240000 5528.0519953692
230000 240000 5198.6761994062
240000 240000 4989.9817482723
250000 240000 4956.0649450483
260000 240000 5076.1516564647
270000 240000 5292.363300574
280000 240000 5403.4674058646
290000 240000 5193.4763981913
300000 240000 4683.4467131922
310000 240000 4182.6752153848
320000 240000 3854.112842277
330000 240000 3398.0457296788
340000 240000 3043.8308395293
350000 240000 2658.3067268352
360000 240000 2388.6451751179
370000 240000 2117.7577406367
380000 240000 1889.7267209492
390000 240000 1672.3221321066
400000 240000 1466.460694695
410000 240000 1308.0010611171
420000 240000 1130.2964880101
430000 240000 938.9259437622
440000 240000 806.68910164023
450000 240000 655.54959974429
460000 240000 419.19630003119
470000 240000 135.06479983812
480000 240000 51.310324407481
490000 240000 28.311475384996
500000 240000 24.989599842551
0 250000 20.402700016664
10000 250000 -44.5375
20000 250000 -20.853699647888
30000 250000 125.87400014656
40000 250000 387.5850589299
50000 250000 601.43640003291
60000 250000 554.39070000056
70000 250000 459.08579992254
80000 250000 459.38500001785
90000 250000 830.32649997942
100000 250000 1163.5457999684
110000 250000 1164.2962999792
120000 250000 965.18219981954
130000 250000 947.5170991546
140000 250000 1814.8297995649
150000 250000 2817.6945995455
160000 250000 3608.4100000065
170000 250000 3740.0984970074
180000 250000 3618.188501003
190000 250000 3591.7993992117
200000 250000 3705.8715013546
210000 250000 4365.9596974998
220000 250000 4767.5278998465
230000 250000 4590.5160994697
240000 250000 4429.1728569864
250000 250000 4370.3486715293
260000 250000 4412.8593950001
270000 250000 4520.6288976963
280000 250000 4659.2158030073
290000 250000 4465.0017955214
300000 250000 4292.9914954071
310000 250000 4018.5754064775
320000 250000 3836.5630783649
330000 250000 3519.6172941733
340000 250000 3158.3286265987
350000 250000 2791.1286328839
360000 250000 2426.1549048563
370000 250000 2102.3240372707
380000 250000 1870.3643230541
390000 250000 1644.0245969799
400000 250000 1440.1008909547
410000 250000 1283.7879100652
420000 250000 1123.3829966675
430000 250000 932.41670033538
440000 250000 794.88899715281
450000 250000 630.72259982948
460000 250000 392.85870016194
470000 250000 150.96220019143
480000 250000 58.409394912156
490000 250000 31.015269512668
500000 250000 26.124699771141
0 260000 24.560400023343
10000 260000 -38.933700247587
20000 260000 -26.639099948922
30000 260000 132.29359967559
40000 260000 417.98463948763
50000 260000 668.39679980997
60000 260000 632.36650029421
70000 260000 454.67699998969
80000 260000 458.25999995433
90000 260000 750.29540016018
100000 260000 1059.6573998436
110000 260000 1064.7227001146
120000 260000 880.62769976001
130000 260000 916.12439989635
140000 260000 1754.3354991972
150000 260000 3022.3857000863
160000 260000 3849.4687996408
170000 260000 3976.5049997732
180000 260000 3685.2538017035
190000 260000 3460.0971993609
200000 260000 3417.1118967326
210000 260000 3489.8198978737
220000 260000 3686.572797415
230000 260000 3872.1937999759
240000 260000 3827.2364996272
250000 260000 3782.0993024124
260000 260000 3753.5642007936
270000 260000 3818.6477000827
280000 260000 3849.0576989123
290000 260000 3838.1465052924
300000 260000 3942.5934356564
310000 260000 3821.4880375515
320000 260000 3679.1520157697
330000 260000 3399.4769124864
340000 260000 3160.1958330478
350000 260000 2879.180065322
360000 260000 2565.5545860599
370000 260000 2296.2169465607
380000 260000 2039.1647745882
390000 260000 1640.8407324699
400000 260000 1417.6112725626
410000 260000 1239.8164675523
420000 260000 1080.096703519
430000 260000 917.23317203748
440000 260000 778.43327048944
450000 260000 593.04020074044
460000 260000 405.46949988649
470000 260000 160.53380007069
480000 260000 65.22483130785
490000 260000 33.124046326171
500000 260000 24.408200055015
0 270000 26.359099865563
10000 270000 -35.308699994752
20000 270000 -12.738900062359
30000 270000 154.69820003041
40000 270000 431.9587001086
50000 270000 686.69799973516
60000 270000 648.27709966257
70000 270000 468.59050009759
80000 270000 500.8802999313
90000 270000 744.60829984812
100000 270000 1053.7785999472
110000 270000 1051.1367993986
120000 270000 888.73579966362
130000 270000 1102.7961006402
140000 270000 2015.6513992839
150000 270000 3282.239794602
160000 270000 4107.915399813
170000 270000 4266.4284982309
180000 270000 3911.3846999182
190000 270000 3646.7418993308
200000 270000 3532.5227992867
210000 270000 3524.8688007173
220000 270000 3478.636101583
230000 270000 3546.551300533
240000 270000 3533.6572001127
250000 270000 3504.1782015291
260000 270000 3438.5454966088
270000 270000 3594.3200983765
280000 270000 3713.7266013943
290000 270000 3819.8345351865
300000 270000 3818.8900713667
310000 270000 3668.9238737116
320000 270000 3525.8338581177
330000 270000 3268.8547210065
340000 270000 2980.2518600392
350000 270000 2715.2748312988
360000 270000 2437.4212046206
370000 270000 2189.7685126727
380000 270000 1949.1187091823
390000 270000 1706.1882347922
400000 270000 1485.7447878195
410000 270000 1282.643140745
420000 270000 1031.1633028889
430000 270000 916.67953585765
440000 270000 760.46028333583
450000 270000 593.21619971266
460000 270000 412.00080021439
470000 270000 165.17290038928
480000 270000 67.75179552831
490000 270000 33.223128565212
500000 270000 23.355000504776
0 280000 26.852799964798
10000 280000 -20.242099944029
20000 280000 0.79610005533686
30000 280000 166.37000006139
40000 280000 438.95939761271
50000 280000 667.75990003843
60000 280000 636.18880011113
70000 280000 579.22449979878
80000 280000 591.34889974387
90000 280000 849.91719985903
100000 280000 1105.9884998768
110000 280000 1152.6544990238
120000 280000 1127.6584993619
130000 280000 1320.5663003538
140000 280000 2263.0556021341
150000 280000 3362.2502984588
160000 280000 4202.2465997893
170000 280000 4294.6240014687
180000 280000 4154.9369991604
190000 280000 3925.9053985766
200000 280000 3804.2035981237
210000 280000 3966.5310005498
220000 280000 3726.6504004688
230000 280000 3598.8637016738
240000 280000 3538.5956989587
250000 280000 3421.4391010821
260000 280000 3412.8653022435
270000 280000 3616.187498807
280000 280000 3839.5097990216
290000 280000 3901.8801753441
300000 280000 3796.9640707207
310000 280000 3541.9611561679
320000 280000 3282.7494262462
330000 280000 3009.984809212
340000 280000 2724.3412894064
350000 280000 2473.2984871502
360000 280000 2237.7586397642
370000 280000 2050.0118132113
380000 280000 1827.4928782766
390000 280000 1607.7101052339
400000 280000 1384.5813781259
410000 280000 1189.1211075499
420000 280000 1023.2908701721
430000 280000 860.70328313819
440000 280000 748.94449237299
450000 280000 635.67760010729
460000 280000 402.18890000557
470000 280000 165.58300008641
480000 280000 65.720293602547
490000 280000 30.074901587521
500000 280000 21.553200104523
0 290000 33.377200000625
10000 290000 -8.0730000045475
20000 290000 14.831600195234
30000 290000 176.57399978308
40000 290000 429.93440888136
50000 290000 672.22540018863
60000 290000 699.26770029534
70000 290000 635.18179982071
80000 290000 675.1620000049
90000 290000 919.27409992425
100000 290000 1195.3929001357
110000 290000 1271.9232003998
120000 290000 1195.2124991043
130000 290000 1408.7462003468
140000 290000 2193.2177007743
150000 290000 3132.9043976483
160000 290000 3746.8006994732
170000 290000 3972.8527986563
180000 290000 3955.00829844
190000 290000 3856.0603998504
200000 290000 3862.6621998379
210000 290000 3888.219599282
220000 290000 3749.6418998713
230000 290000 3475.9013009867
240000 290000 3322.5431012254
250000 290000 3265.9086996249
260000 290000 3300.8591004957
270000 290000 3492.6151988638
280000 290000 3565.8792876556
290000 290000 3862.5911995448
300000 290000 3612.9284996415
310000 290000 3284.3950972197
320000 290000 2946.581885077
330000 290000 2680.9315226002
340000 290000 2442.1009073359
350000 290000 2237.7573707176
360000 290000 2031.8197406552
370000 290000 1844.0282508958
380000 290000 1648.8227532991
390000 290000 1472.7732663809
400000 290000 1280.1498605172
410000 290000 1091.3313099495
420000 290000 926.34483133102
430000 290000 772.54707597173
440000 290000 703.64603698587
450000 290000 667.96360124309
460000 290000 457.16839983748
470000 290000 166.11409981272
480000 290000 58.429897536639
490000 290000 21.383596243157
500000 290000 17.174499853479
0 300000 37.712500011376
10000 300000 26.998900351285
20000 300000 52.427099906441
30000 300000 186.49500010098
40000 300000 387.27729968104
50000 300000 628.97180011283
60000 300000 643.11059980935
70000 300000 632.31609984902
80000 300000 700.47620054275
90000 300000 966.24839976888
100000 300000 1187.8645993986
110000 300000 1313.0273006371
120000 300000 1347.2386999834
130000 300000 1398.2879001324
140000 300000 1969.8736997205
150000 300000 2487.9883989056
160000 300000 2682.6425004054
170000 300000 2928.520299619
180000 300000 3060.0752982609
190000 300000 2984.8546001194
200000 300000 2965.430399528
210000 300000 2876.6559018653
220000 300000 2616.5776991282
230000 300000 2626.2583995355
240000 300000 2619.0049028103
250000 300000 2614.1608982198
260000 300000 2687.931702268
270000 300000 2738.0692298804
280000 300000 2772.6511326737
290000 300000 2810.0962986109
300000 300000 2863.3209998305
310000 300000 2623.6220995232
320000 300000 2432.0023838523
330000 300000 2266.3710507204
340000 300000 2120.4829806049
350000 300000 1979.8749671464
360000 300000 1835.4531914875
370000 300000 1667.0104102704
380000 300000 1499.9840936346
390000 300000 1320.1684744431
400000 300000 1164.1168853779
410000 300000 989.13398608328
420000 300000 811.69367843833
430000 300000 671.94095339757
440000 300000 586.56120030944
450000 300000 650.08709989341
460000 300000 411.87670038891
470000 300000 165.54109970508
480000 300000 41.647229817456
490000 300000 4.0575201300495
500000 300000 10.659799917725
0 310000 34.764899986662
10000 310000 39.216000018392
20000 310000 79.087999982152
30000 310000 191.92659963211
40000 310000 380.7187994482
50000 310000 543.93819990203
60000 310000 597.24250002116
70000 310000 596.92989947848
80000 310000 667.48379952792
90000 310000 870.94339937669
100000 310000 1078.2417998395
110000 310000 1227.1691000703
120000 310000 1304.7887999155
130000 310000 1331.221098876
140000 310000 1466.9863524415
150000 310000 1497.782899593
160000 310000 1583.1509006446
170000 310000 1761.6933977966
180000 310000 1824.6470001862
190000 310000 1815.4326014622
200000 310000 1751.895399114
210000 310000 1594.6022007453
220000 310000 1565.4263995409
230000 310000 1656.0327975527
240000 310000 1734.7547000377
250000 310000 1816.5896012903
260000 310000 1839.9213007774
270000 310000 1898.3698104474
280000 310000 1825.3659627137
290000 310000 1615.4334042071
300000 310000 1709.9453011882
310000 310000 1806.4536005409
320000 310000 1849.7011387955
330000 310000 1837.5401618465
340000 310000 1792.8529627242
350000 310000 1705.9709813027
360000 310000 1600.7730281658
370000 310000 1483.6458818535
380000 310000 1376.3113294814
390000 310000 1227.0555707859
400000 310000 1064.9943142313
410000 310000 900.54115437108
420000 310000 725.28783286325
430000 310000 560.78489931679
440000 310000 611.50199993907
450000 310000 621.50629891936
460000 310000 396.37365788374
470000 310000 168.66346524229
480000 310000 4.7350997342725
490000 310000 -18.897600025711
500000 310000 9.8520999380414
0 320000 32.215700026669
10000 320000 40.20820000551
20000 320000 81.17560001019
30000 320000 190.47949997375
40000 320000 369.31379953472
50000 320000 521.4406003961
60000 320000 563.04179945885
70000 320000 540.38040007518
80000 320000 600.18759958397
90000 320000 791.05889989485
100000 320000 989.55869945286
110000 320000 1130.4900000716
120000 320000 1176.1489996012
130000 320000 1184.3275964098
140000 320000 1141.827699467
150000 320000 1003.6362013915
160000 320000 992.70340083594
170000 320000 1069.6859972988
180000 320000 1053.7305986642
190000 320000 1009.8111996547
200000 320000 935.30610018823
210000 320000 840.30389982942
220000 320000 953.00939893063
230000 320000 1125.5429984802
240000 320000 1195.8508981303
250000 320000 1221.8567000561
260000 320000 1213.7139002459
270000 320000 1282.4771030696
280000 320000 1199.9695085088
290000 320000 949.87890201709
300000 320000 1031.6886007942
310000 320000 1166.2210982057
320000 320000 1382.8241031673
330000 320000 1499.2601312234
340000 320000 1514.0772955883
350000 320000 1498.2739281828
360000 320000 1436.4142903678
370000 320000 1337.6628418192
380000 320000 1247.9469383284
390000 320000 1122.3127414809
400000 320000 982.24882765827
410000 320000 838.59660833073
420000 320000 690.62919966629
430000 320000 562.08269994894
440000 320000 612.19839889735
450000 320000 517.87655443867
460000 320000 350.48213358398
470000 320000 153.90759997661
480000 320000 17.865999751699
490000 320000 -2.6763999065524
500000 320000 22.129799980665
0 330000 33.218599987927
10000 330000 31.667800258115
20000 330000 66.173999943237
30000 330000 184.62839968561
40000 330000 363.21299966155
50000 330000 579.45759986135
60000 330000 581.89289999797
70000 330000 532.50839918692
80000 330000 573.37089960457
90000 330000 752.35729929965
100000 330000 961.7353999152
110000 330000 1095.3100989508
120000 330000 1124.290499961
130000 330000 1102.7320004404
140000 330000 1048.3763000281
150000 330000 976.22549960278
160000 330000 898.78799934949
170000 330000 1101.869500333
180000 330000 1114.4898984289
190000 330000 1079.1681991828
200000 330000 916.07289966768
210000 330000 803.77449962713
220000 330000 950.40459813886
230000 330000 1012.166900404
240000 330000 1080.6807014008
250000 330000 1020.321799525
260000 330000 1006.0145000666
270000 330000 1025.0492004209
280000 330000 1056.2244542971
290000 330000 993.1843988507
300000 330000 1104.4505014081
310000 330000 974.59140090813
320000 330000 1163.9205790387
330000 330000 1311.1443600219
340000 330000 1379.9696471662
350000 330000 1381.3667492569
360000 330000 1338.9870662506
370000 330000 1261.2733235882
380000 330000 1160.5794337559
390000 330000 1048.0671365258
400000 330000 919.19232701545
410000 330000 793.5930639569
420000 330000 670.39729959177
430000 330000 563.36429860474
440000 330000 522.54289869716
450000 330000 442.42876529825
460000 330000 310.59977379222
470000 330000 163.98896970208
480000 330000 55.016200307021
490000 330000 27.690499995685
500000 330000 35.269699801401
0 340000 35.362799835737
10000 340000 12.225899925999
20000 340000 36.850900051098
30000 340000 173.83149983248
40000 340000 406.90269994325
50000 340000 618.12840008078
60000 340000 651.31499963009
70000 340000 570.240799758
80000 340000 595.62800023279
90000 340000 789.73149987632
100000 340000 1018.4807000731
110000 340000 1142.8707001544
120000 340000 1159.0673996129
130000 340000 1117.4967998402
140000 340000 1058.1353991877
150000 340000 1027.384300016
160000 340000 1064.9225988316
170000 340000 1258.3975982394
180000 340000 1433.236200051
190000 340000 1381.6882002367
200000 340000 1198.4456002002
210000 340000 1059.442998813
220000 340000 1075.2184007864
230000 340000 1154.5476995523
240000 340000 1188.0874002454
250000 340000 1123.2101989501
260000 340000 1068.0901989996
270000 340000 1114.9458989807
280000 340000 1244.6299359133
290000 340000 1321.4758006144
300000 340000 1238.3927007958
310000 340000 1069.7613998694
320000 340000 1166.1572863544
330000 340000 1270.7929849534
340000 340000 1307.3372485667
350000 340000 1306.5920741964
360000 340000 1259.1950963796
370000 340000 1182.9278042984
380000 340000 1091.9355245912
390000 340000 985.21682663548
400000 340000 873.58156177584
410000 340000 764.08817544243
420000 340000 652.92225724478
430000 340000 548.02079997732
440000 340000 492.61069963306
450000 340000 401.40644179277
460000 340000 287.44033020639
470000 340000 168.57627944304
480000 340000 76.428800000708
490000 340000 46.597900030521
500000 340000 42.228000120784
0 350000 39.558899979509
10000 350000 21.367099949041
20000 350000 38.058499996982
30000 350000 175.55600006217
40000 350000 416.41559985979
50000 350000 570.2810999347
60000 350000 590.50609992233
70000 350000 548.55749978263
80000 350000 658.76280000591
90000 350000 897.65890018545
100000 350000 1150.5557999352
110000 350000 1238.505699871
120000 350000 1259.3153997347
130000 350000 1200.130999598
140000 350000 1169.8801995929
150000 350000 1175.6900999134
160000 350000 1276.3460994149
170000 350000 1494.7225001472
180000 350000 1579.0196001085
190000 350000 1517.23679952
200000 350000 1347.2626991565
210000 350000 1200.8330002481
220000 350000 1221.441600476
230000 350000 1298.7101006096
240000 350000 1348.3884995
250000 350000 1374.2199996652
260000 350000 1296.9968008128
270000 350000 1364.0112012039
280000 350000 1533.6694989043
290000 350000 1521.2869013765
300000 350000 1378.2866000475
310000 350000 1254.2249003008
320000 350000 1302.0146093599
330000 350000 1320.3985321997
340000 350000 1303.463239946
350000 350000 1261.7664112709
360000 350000 1173.8249864492
370000 350000 1134.1216345002
380000 350000 1028.2610608084
390000 350000 930.37445768117
400000 350000 835.58017756249
410000 350000 745.28817253706
420000 350000 643.68715403181
430000 350000 555.37409913796
440000 350000 467.22239967476
450000 350000 385.59270003417
460000 350000 274.11871503752
470000 350000 168.08725783421
480000 350000 86.239400252144
490000 350000 54.851299871938
500000 350000 39.231699937733
0 360000 46.803300085792
10000 360000 17.554599828699
20000 360000 52.508100054345
30000 360000 177.42809991743
40000 360000 353.48730010031
50000 360000 480.88930028814
60000 360000 511.4392000108
70000 360000 596.56109960198
80000 360000 714.71379968152
90000 360000 990.13840014548
100000 360000 1252.6943989379
110000 360000 1340.6209999068
120000 360000 1293.9841992325
130000 360000 1262.7555001591
140000 360000 1245.416999896
150000 360000 1309.1396998032
160000 360000 1415.2166004411
170000 360000 1499.4808000629
180000 360000 1400.8763003509
190000 360000 1333.1186008843
200000 360000 1275.3561997346
210000 360000 1170.7179002759
220000 360000 1233.3301993739
230000 360000 1333.1241990082
240000 360000 1419.1232987557
250000 360000 1476.6394988548
260000 360000 1494.246700159
270000 360000 1567.3671008676
280000 360000 1560.8072002471
290000 360000 1516.6701995527
300000 360000 1412.7924996518
310000 360000 1486.5549007122
320000 360000 1479.2667004634
330000 360000 1359.9683001573
340000 360000 1280.8708566024
350000 360000 1198.2940271254
360000 360000 1104.1171635557
370000 360000 1016.1914431736
380000 360000 953.35255718073
390000 360000 868.33092898253
400000 360000 800.1684238932
410000 360000 719.88288244282
420000 360000 639.74027449048
430000 360000 560.68620011402
440000 360000 471.84369900812
450000 360000 369.48238008582
460000 360000 262.31078956991
470000 360000 160.47373898556
480000 360000 85.681499809281
490000 360000 44.646700021378
500000 360000 30.247099954206
0 370000 47.096799980137
10000 370000 24.446900010746
20000 370000 48.954900000842
30000 370000 161.97229979437
40000 370000 311.36099972234
50000 370000 441.81799984885
60000 370000 518.84349985021
70000 370000 588.02529987292
80000 370000 702.566299613
90000 370000 928.37619985497
100000 370000 1191.5118999963
110000 370000 1307.7760997086
120000 370000 1264.5151000976
130000 370000 1183.7038997431
140000 370000 1201.1405999623
150000 370000 1272.4995994507
160000 370000 1302.262800125
170000 370000 1223.9338001965
180000 370000 1107.2935000011
190000 370000 1040.8838005657
200000 370000 1012.3576996419
210000 370000 1017.4017997338
220000 370000 1078.8904002618
230000 370000 1209.4644006285
240000 370000 1335.3637001383
250000 370000 1390.1314997596
260000 370000 1406.5398997871
270000 370000 1418.45010034
280000 370000 1395.9841995789
290000 370000 1353.3063998482
300000 370000 1319.1490240321
310000 370000 1359.3777736415
320000 370000 1448.4265005353
330000 370000 1343.6746992888
340000 370000 1261.3235003164
350000 370000 1112.2329114564
360000 370000 1015.6342081381
370000 370000 943.13420969278
380000 370000 871.16932844696
390000 370000 825.26400857002
400000 370000 761.24993583955
410000 370000 701.28468148301
420000 370000 642.48947463118
430000 370000 552.6081000015
440000 370000 468.57509990518
450000 370000 366.83707069049
460000 370000 253.9953528215
470000 370000 146.01570041225
480000 370000 71.520399875074
490000 370000 37.378799912074
500000 370000 25.498600079378
0 380000 38.810100052133
10000 380000 7.7787002005198
20000 380000 39.498899995243
30000 380000 169.70749984573
40000 380000 374.46739987769
50000 380000 502.20220005858
60000 380000 569.53689983373
70000 380000 608.20500009498
80000 380000 574.23300061025
90000 380000 743.80749985926
100000 380000 926.56340000362
110000 380000 1038.1034998764
120000 380000 924.11949966842
130000 380000 860.60040023082
140000 380000 862.28929995217
150000 380000 967.12480047586
160000 380000 1054.5763998677
170000 380000 950.49640002467
180000 380000 798.73859983713
190000 380000 773.33479984775
200000 380000 800.08519976851
210000 380000 832.60339976445
220000 380000 854.41820029969
230000 380000 937.28380000744
240000 380000 1028.8604000802
250000 380000 1038.2155000344
260000 380000 1026.3145534537
270000 380000 1036.5705099657
280000 380000 1074.0772014908
290000 380000 1080.5091723608
300000 380000 1066.6132685679
310000 380000 1051.222947093
320000 380000 1041.3885007902
330000 380000 931.42920041869
340000 380000 989.42100026845
350000 380000 961.67197225112
360000 380000 917.46773953753
370000 380000 874.97854022586
380000 380000 827.13138911829
390000 380000 784.64758284613
400000 380000 749.57386718616
410000 380000 704.90790897182
420000 380000 666.73257818634
430000 380000 610.09710087382
440000 380000 500.1339001621
450000 380000 373.90129670627
460000 380000 253.14686243646
470000 380000 141.00963223759
480000 380000 56.489700082815
490000 380000 25.702799941215
500000 380000 33.432400067011
0 390000 31.552599965307
10000 390000 -1.928299953346
20000 390000 24.637200052381
30000 390000 167.81449990145
40000 390000 420.71070029217
50000 390000 590.74679977919
60000 390000 638.24319973702
70000 390000 526.16789991628
80000 390000 440.34029999163
90000 390000 561.75659975326
100000 390000 687.12670032768
110000 390000 721.48089988135
120000 390000 596.79660006753
130000 390000 494.44940043101
140000 390000 539.59389976462
150000 390000 709.23209919569
160000 390000 803.2946001661
170000 390000 722.45610027313
180000 390000 579.80679999868
190000 390000 532.34480044871
200000 390000 603.75820043248
210000 390000 666.11950021736
220000 390000 686.54269912309
230000 390000 669.14439931714
240000 390000 671.16770087504
250000 390000 605.09960018381
260000 390000 610.23491880119
270000 390000 596.52489942017
280000 390000 770.94839933773
290000 390000 792.4432008928
300000 390000 794.68010953165
310000 390000 710.56338065055
320000 390000 562.02060000988
330000 390000 618.36059945114
340000 390000 706.04990065375
350000 390000 787.85381684213
360000 390000 814.58988912174
370000 390000 808.49773571151
380000 390000 781.41492730216
390000 390000 751.08536938206
400000 390000 728.11771548751
410000 390000 704.74686767952
420000 390000 678.47303667949
430000 390000 630.46310072705
440000 390000 495.00060015199
450000 390000 382.99520684272
460000 390000 259.28905572763
470000 390000 138.47539895041
480000 390000 45.324199832878
490000 390000 30.865799898627
500000 390000 46.276700087852
0 400000 31.946599999873
10000 400000 21.687899994224
20000 400000 39.318000065826
30000 400000 155.97040003804
40000 400000 379.48330026138
50000 400000 614.27870001358
60000 400000 605.88339987017
70000 400000 467.69529957001
80000 400000 429.93880043585
90000 400000 455.24050024611
100000 400000 543.71350093584
110000 400000 553.16619999658
120000 400000 435.08689974424
130000 400000 367.96439967917
140000 400000 384.15449984038
150000 400000 544.45250010578
160000 400000 635.70470017588
170000 400000 585.93890006611
180000 400000 486.7024993482
190000 400000 422.37059990609
200000 400000 455.52140015245
210000 400000 534.17300006681
220000 400000 564.80789981445
230000 400000 513.12200014294
240000 400000 459.5478002652
250000 400000 382.31390042654
260000 400000 351.15859979726
270000 400000 407.17609929966
280000 400000 548.37229967027
290000 400000 631.9092994609
300000 400000 633.5862232235
310000 400000 536.61988505099
320000 400000 370.63100084809
330000 400000 501.61919914356
340000 400000 578.08639979341
350000 400000 683.90895645822
360000 400000 736.42987236645
370000 400000 739.76097659103
380000 400000 725.07149177206
390000 400000 706.81222679488
400000 400000 690.59380999173
410000 400000 685.26259238315
420000 400000 674.81250604206
430000 400000 632.58110012499
440000 400000 519.91479965641
450000 400000 409.42601579692
460000 400000 274.42538433695
470000 400000 140.68618061123
480000 400000 43.760500021275
490000 400000 32.441900254017
500000 400000 52.253599873572
0 410000 30.704400020078
10000 410000 39.162000023262
20000 410000 74.500399963093
30000 410000 167.2793000841
40000 410000 332.19959999525
50000 410000 532.40229975108
60000 410000 522.12429995639
70000 410000 496.59809981529
80000 410000 498.05899988618
90000 410000 501.89189980764
100000 410000 544.30740005928
110000 410000 548.54159972728
120000 410000 474.62590007263
130000 410000 532.37609949414
140000 410000 465.01490028621
150000 410000 479.089599746
160000 410000 563.78409987874
170000 410000 527.58680025869
180000 410000 579.19659981795
190000 410000 517.22859988832
200000 410000 407.9079997912
210000 410000 448.34189965425
220000 410000 489.18919979971
230000 410000 509.25859991976
240000 410000 462.14849931813
250000 410000 416.73620013027
260000 410000 453.00339908842
270000 410000 475.66630001871
280000 410000 536.94800067237
290000 410000 618.95739947534
300000 410000 610.37477547058
310000 410000 548.35927910497
320000 410000 489.83639913154
330000 410000 562.11710046429
340000 410000 606.39170029013
350000 410000 663.87038098795
360000 410000 694.60968415547
370000 410000 689.24031113778
380000 410000 661.35533125391
390000 410000 635.16959770732
400000 410000 630.57925931184
410000 410000 642.3309075124
420000 410000 660.20722264361
430000 410000 657.16610019645
440000 410000 589.01170005143
450000 410000 455.37137339558
460000 410000 297.37634779674
470000 410000 142.10665578543
480000 410000 28.904999873371
490000 410000 24.060699772749
500000 410000 48.825500003638
0 420000 27.58479997877
10000 420000 51.315499722081
20000 420000 95.689800108567
30000 420000 183.61459995101
40000 420000 320.84819993859
50000 420000 447.93460008769
60000 420000 510.8550997923
70000 420000 533.65760005747
80000 420000 541.29620021866
90000 420000 564.43469965743
100000 420000 596.23069984347
110000 420000 620.7316999538
120000 420000 662.07120002045
130000 420000 690.01589992335
140000 420000 648.16979993178
150000 420000 559.27780023862
160000 420000 539.00420018683
170000 420000 606.99420009701
180000 420000 667.87649976539
190000 420000 626.20379989459
200000 420000 502.97999978873
210000 420000 415.44650000571
220000 420000 432.79480015069
230000 420000 492.82969959451
240000 420000 519.76560012934
250000 420000 546.54600007927
260000 420000 576.40320012041
270000 420000 595.45160064716
280000 420000 608.76880019613
290000 420000 636.41159962994
300000 420000 635.49249897678
310000 420000 608.29209988577
320000 420000 607.53969998793
330000 420000 641.80269901998
340000 420000 666.51400029395
350000 420000 668.39420001783
360000 420000 671.09830038326
370000 420000 643.88591938734
380000 420000 594.54428073054
390000 420000 552.68632666548
400000 420000 547.03542444173
410000 420000 574.7010045106
420000 420000 619.7331000638
430000 420000 657.44879926128
440000 420000 630.66170006159
450000 420000 494.64008191069
460000 420000 315.86801302046
470000 420000 140.0832622193
480000 420000 13.264799696756
490000 420000 6.1407999705713
500000 420000 42.081899905857
0 430000 24.322499930565
10000 430000 51.32770009336
20000 430000 104.84560016878
30000 430000 188.7759998831
40000 430000 309.95519983811
50000 430000 405.14429990135
60000 430000 453.8683998441
70000 430000 480.63789958442
80000 430000 496.4388001358
90000 430000 506.53739998886
100000 430000 554.02280001152
110000 430000 583.38169995039
120000 430000 614.59199984918
130000 430000 626.42740008805
140000 430000 546.47530002763
150000 430000 480.00819998512
160000 430000 482.42779992488
170000 430000 509.92780008455
180000 430000 594.95209980309
190000 430000 559.99189983614
200000 430000 434.55470014729
210000 430000 422.29240001825
220000 430000 455.7284000822
230000 430000 494.92160000849
240000 430000 485.19349989176
250000 430000 507.73079986102
260000 430000 553.24909992607
270000 430000 557.05029992807
280000 430000 550.24099991025
290000 430000 551.18230000505
300000 430000 540.78619968989
310000 430000 550.7886999594
320000 430000 560.300999851
330000 430000 580.36319905422
340000 430000 609.15130015336
350000 430000 616.99299984932
360000 430000 609.07449946628
370000 430000 583.9589000867
380000 430000 509.10720005704
390000 430000 432.43789980295
400000 430000 433.05689996383
410000 430000 477.45529991217
420000 430000 514.57579998536
430000 430000 583.92000008803
440000 430000 594.53960019651
450000 430000 512.01719998123
460000 430000 315.66448510519
470000 430000 126.86419982013
480000 430000 25.529799645653
490000 430000 19.652100039471
500000 430000 35.342099852376
0 440000 22.053100003745
10000 440000 53.869200160785
20000 440000 101.04269993271
30000 440000 178.71259968924
40000 440000 274.14860004318
50000 440000 362.41320010331
60000 440000 398.28539986759
70000 440000 395.06510017722
80000 440000 397.34240010158
90000 440000 403.49600004252
100000 440000 410.57750016991
110000 440000 432.71489996889
120000 440000 446.11160002359
130000 440000 424.35640012196
140000 440000 377.43229991155
150000 440000 369.06399994915
160000 440000 373.25830000513
170000 440000 399.19369983707
180000 440000 422.18739992867
190000 440000 403.24610002965
200000 440000 404.42420011166
210000 440000 417.95890002069
220000 440000 433.36449985863
230000 440000 390.4154999221
240000 440000 369.64840022786
250000 440000 402.18300008043
260000 440000 423.50239987543
270000 440000 422.90929975264
280000 440000 408.98339989615
290000 440000 380.96719998136
300000 440000 385.2299000771
310000 440000 375.02749999747
320000 440000 389.82399927134
330000 440000 451.72579993536
340000 440000 472.14999985903
350000 440000 490.97400012989
360000 440000 481.47840034628
370000 440000 460.3131993042
380000 440000 416.33419962745
390000 440000 362.86639997869
400000 440000 350.10329996194
410000 440000 356.29310032994
420000 440000 376.68030013238
430000 440000 455.73160003736
440000 440000 500.07080023695
450000 440000 437.93940014144
460000 440000 285.02919979173
470000 440000 116.84909990357
480000 440000 39.584599878021
490000 440000 22.212099984672
500000 440000 28.924200073446
0 450000 21.878899940845
10000 450000 45.574599816182
20000 450000 82.235199924988
30000 450000 146.3501999346
40000 450000 233.48799992196
50000 450000 306.00559987359
60000 450000 330.8572995837
70000 450000 316.08460003753
80000 450000 294.58739977758
90000 450000 281.73689997158
100000 450000 277.29730014786
110000 450000 273.30849982241
120000 450000 254.08680005114
130000 450000 237.20640010763
140000 450000 240.05129991589
150000 450000 249.08420006481
160000 450000 264.36810002989
170000 450000 281.88340005072
180000 450000 297.26959981461
190000 450000 312.54639996103
200000 450000 342.56989973446
210000 450000 352.74609997744
220000 450000 317.44359968875
230000 450000 269.14489994603
240000 450000 253.88540003918
250000 450000 271.48449985803
260000 450000 293.59979991902
270000 450000 285.60299983395
280000 450000 250.14819991757
290000 450000 224.46969986238
300000 450000 221.53410003286
310000 450000 228.67229990185
320000 450000 248.62699964167
330000 450000 292.82340008143
340000 450000 329.49670022876
350000 450000 337.59419996074
360000 450000 331.02990012379
370000 450000 321.37565328593
380000 450000 297.4037926186
390000 450000 265.07289989714
400000 450000 270.65334587365
410000 450000 280.98306158864
420000 450000 302.86804538085
430000 450000 342.19816145884
440000 450000 371.57930006599
450000 450000 342.98589973422
460000 450000 215.04670006677
470000 450000 97.678599809434
480000 450000 45.52710005748
490000 450000 26.241099925309
500000 450000 26.681599947475
0 460000 26.257300065939
10000 460000 43.139899999683
20000 460000 67.925600008332
30000 460000 113.18579982431
40000 460000 169.19819992138
50000 460000 232.01850004507
60000 460000 245.06389990502
70000 460000 231.3897998317
80000 460000 213.76530004633
90000 460000 194.90500005799
100000 460000 178.98140011808
110000 460000 168.97670007722
120000 460000 155.25070006876
130000 460000 134.35530001413
140000 460000 139.97099985769
150000 460000 166.63410008954
160000 460000 188.35710003532
170000 460000 205.59639988301
180000 460000 213.88400023849
190000 460000 232.37350009278
200000 460000 253.57329997354
210000 460000 224.71289994394
220000 460000 180.1369999778
230000 460000 173.83829979137
240000 460000 185.2816000038
250000 460000 202.07889997605
260000 460000 197.4526999697
270000 460000 192.92209985538
280000 460000 182.85299986967
290000 460000 152.38869992875
300000 460000 161.77149988276
310000 460000 167.73740011569
320000 460000 194.17930006365
330000 460000 220.27029963373
340000 460000 217.66398299849
350000 460000 211.97468719233
360000 460000 202.46741750084
370000 460000 196.13121119212
380000 460000 195.23954567526
390000 460000 198.80404516727
400000 460000 209.19068854209
410000 460000 218.89734645142
420000 460000 225.26327110028
430000 460000 229.42317735013
440000 460000 226.15531581469
450000 460000 205.4087999961
460000 460000 111.70319997287
470000 460000 102.08219995005
480000 460000 69.67119991317
490000 460000 36.917599840015
500000 460000 30.061200017108
0 470000 30.9622000214
10000 470000 42.443000017795
20000 470000 57.876299993895
30000 470000 84.985299974212
40000 470000 125.33879982676
50000 470000 160.34570000636
60000 470000 173.87709996681
70000 470000 165.53469990775
80000 470000 149.57430002556
90000 470000 134.4265000046
100000 470000 121.12700022302
110000 470000 106.74929997181
120000 470000 90.736600061128
130000 470000 80.174399877419
140000 470000 86.689100041874
150000 470000 110.52480007705
160000 470000 136.57050000075
170000 470000 153.735199995
180000 470000 160.50199993187
190000 470000 159.38340000622
200000 470000 127.73769998461
210000 470000 100.97830001813
220000 470000 101.17730016975
230000 470000 123.65900001424
240000 470000 140.64860028006
250000 470000 141.60860017007
260000 470000 132.54320004388
270000 470000 126.84459996071
280000 470000 128.84019999799
290000 470000 129.44969998416
300000 470000 140.59530016426
310000 470000 155.60130010621
320000 470000 162.07450009832
330000 470000 147.11850001281
340000 470000 127.99500025908
350000 470000 112.29199996951
360000 470000 95.848799780066
370000 470000 93.18779984792
380000 470000 115.10110023961
390000 470000 145.89748015705
400000 470000 164.42758697639
410000 470000 171.93203634517
420000 470000 161.95000033503
430000 470000 131.89140008193
440000 470000 94.701700020547
450000 470000 78.647400191054
460000 470000 87.607499913804
470000 470000 108.42000001767
480000 470000 100.47710006593
490000 470000 65.819199963929
500000 470000 35.929799930953
0 480000 30.211600102882
10000 480000 36.954100034661
20000 480000 47.419000102856
30000 480000 63.063900034181
40000 480000 83.276100051196
50000 480000 107.12840004205
60000 480000 115.21919994498
70000 480000 108.05790001833
80000 480000 99.632499974809
90000 480000 90.56160008672
100000 480000 80.791899997358
110000 480000 70.322900045041
120000 480000 59.499800093318
130000 480000 54.39029994514
140000 480000 54.584900010921
150000 480000 72.843199982622
160000 480000 94.839600051135
170000 480000 106.66039996164
180000 480000 105.77240000383
190000 480000 89.074199980631
200000 480000 54.065700009603
210000 480000 42.696400065095
220000 480000 53.909699998061
230000 480000 84.870299971179
240000 480000 102.11279997651
250000 480000 96.415399932881
260000 480000 87.361599993346
270000 480000 85.988199990053
280000 480000 95.261599929317
290000 480000 105.34489998836
300000 480000 114.99059989978
310000 480000 128.43850010622
320000 480000 126.74400002863
330000 480000 102.47710010099
340000 480000 70.823599913079
350000 480000 52.343599959072
360000 480000 41.783999737595
370000 480000 49.149999846949
380000 480000 81.916399980847
390000 480000 112.84510010524
400000 480000 130.03229989728
410000 480000 137.36960003795
420000 480000 129.14630016157
430000 480000 90.135400028701
440000 480000 41.420000009638
450000 480000 26.896599975608
460000 480000 50.667799978314
470000 480000 93.174899886645
480000 480000 94.053299959735
490000 480000 63.045799984145
500000 480000 39.420299988045
0 490000 23.922399991397
10000 490000 29.377899995614
20000 490000 38.7891000028
30000 490000 46.626599993042
40000 490000 51.19069994925
50000 490000 60.664099863082
60000 490000 62.710400012776
70000 490000 59.256399971408
80000 490000 55.926999938644
90000 490000 53.125100037877
100000 490000 50.516100013932
110000 490000 46.783700019361
120000 490000 43.966599930383
130000 490000 46.413699965726
140000 490000 41.34989998331
150000 490000 42.609899928665
160000 490000 55.507299984995
170000 490000 58.492299976672
180000 490000 57.249099907659
190000 490000 43.585399958354
200000 490000 28.429199956629
210000 490000 31.359600032893
220000 490000 40.037299996189
230000 490000 56.954099956343
240000 490000 70.946999861652
250000 490000 63.612799955293
260000 490000 50.953699951188
270000 490000 51.650299962661
280000 490000 60.337799952229
290000 490000 73.541299921575
300000 490000 84.095200018199
310000 490000 90.253799843851
320000 490000 90.380499970048
330000 490000 73.241299843004
340000 490000 43.683599998838
350000 490000 27.991699741106
360000 490000 22.884000063126
370000 490000 35.330699944767
380000 490000 59.57980004371
390000 490000 68.76779987726
400000 490000 79.73359983418
410000 490000 88.383900182775
420000 490000 83.881500164147
430000 490000 46.806899904925
440000 490000 22.804300126179
450000 490000 15.191299994414
460000 490000 26.273100036508
470000 490000 61.23560002534
480000 490000 64.054900012076
490000 490000 53.486899976944
500000 490000 35.716700030613
0 500000 16.048200037319
10000 500000 24.119399986378
20000 500000 30.483599998929
30000 500000 31.064799960117
40000 500000 25.798900011889
50000 500000 20.286700022112
60000 500000 17.682600009325
70000 500000 15.092699971065
80000 500000 15.07700010898
90000 500000 19.197200019813
100000 500000 25.125100077761
110000 500000 31.276600097762
120000 500000 41.434600027716
130000 500000 46.780799987307
140000 500000 38.841099941267
150000 500000 25.328400012312
160000 500000 19.992300065537
170000 500000 20.87310000636
180000 500000 21.784499960345
190000 500000 22.915100116345
200000 500000 31.142299959466
210000 500000 41.842399948864
220000 500000 49.776300074641
230000 500000 53.302600002619
240000 500000 50.872699941855
250000 500000 33.961200023908
260000 500000 16.149900036644
270000 500000 13.948799935685
280000 500000 24.155399887334
290000 500000 38.287400024062
300000 500000 49.374699948147
310000 500000 54.904200066094
320000 500000 52.970400179731
330000 500000 41.803700120763
340000 500000 26.692000078157
350000 500000 17.994299985941
360000 500000 21.943300088223
370000 500000 28.966499866581
380000 500000 27.033900038993
390000 500000 22.291100025022
400000 500000 26.938100122568
410000 500000 38.6495000505
420000 500000 41.539000048595
430000 500000 32.268899934971
440000 500000 25.676899982279
450000 500000 25.273200042446
460000 500000 31.837999989956
470000 500000 41.307500048826
480000 500000 46.874099989721
490000 500000 40.686599993559
500000 500000 28.121600013339